1	3.22
2	2.37
3	1.61
4	1.64
5	0.61
6	0.6
7	0.74
8	0.97
9	0.8
10	-0.53
11	-1.58
12	-0.22
13	-4.89
14	-4.83
15	-5.14
16	-5.25
17	-5.26
18	-5.3
19	-4.76
20	-5.11
21	-4.38
22	3.12
23	2.09
24	2
25	3.47
26	3.26
27	1.51
28	0.78
29	-1.18
30	-1.34
31	0.55
32	0.79
33	-0.74
34	-1.41
35	-1.6
36	-2.17
37	1.88
38	4.84
39	4.53
40	5.74
41	7.51
42	7.76
43	8.34
44	8.03
45	8.39
46	8.38
47	5.28
48	1.78
49	-1.41
50	-3.24
51	-4.51
52	-1.47
53	3.44
54	8.78
55	6.92
56	9.18
57	7.94
58	6.39
59	7.97
60	8.38
61	6.87
62	7.57
63	7.88
64	7.05
65	6.45
66	6.62
67	5.44
68	4.75
69	5.1
70	6.07
71	6.21
72	7.07
73	7.38
74	7.18
75	6.87
76	6.68
77	6.7
78	6.79
79	6.47
80	6.15
81	5.68
82	5.86
83	5.47
84	6.33
85	6.24
86	6.08
87	6.5
88	5.94
89	5.06
90	5.67
91	6.18
92	4.96
93	4.45
94	4.28
95	3.55
96	5.53
97	5.08
98	4.09
99	4.44
100	4.06
101	4.14
102	4.07
103	3.76
104	3.27
105	3.62
106	3.27
107	3.2
108	3.45
109	3.15
110	2.51
111	2.95
112	4.36
113	4
114	4.6
115	4.26
116	3.7
117	4.11
118	4.48
119	5.14
120	4.49
121	5.13
122	6.49
123	4.66
124	4.6
125	4.09
126	4.26
127	4.48
128	4.42
129	4.65
130	4.1
131	4.59
132	4.7
133	4.89
134	5.06
135	5.26
136	4.23
137	4.73
138	4.7
139	4.91
140	5.29
141	5.55
142	4.66
143	4.12
144	4.72
145	6.26
146	5.97
147	5.66
148	4.16
149	3.88
150	3.7
151	3.87
152	4.61
153	4.5
154	4.91
155	6.26
156	5.92
157	5.72
158	3.79
159	1.86
160	1.74
161	2.2
162	1.52
163	0.62
164	1.4
165	1.57
166	1.12
167	2.82
168	4
169	4.28
170	4.2
171	5.2
172	5.2
173	5
174	5.13
175	5.68
176	5.26
177	4.51
178	2.56
179	2.93
180	2.55
181	2.13
182	1.9
183	1.11
184	1.05
185	0.27
186	-0.57
187	-0.68
188	-1.09
189	-1.54
190	-1.88
191	2.33
192	6.81
193	5.88
194	6.18
195	6.61
196	6.24
197	6.23
198	6.1
199	5.37
200	6.93
201	5.24
202	4.88
203	4.46
204	3.63
205	3.67
206	3.83
207	3.35
208	3.19
209	2.5
210	2.05
211	2.3
212	2.22
213	1.91
214	1.83
215	1.78
216	2.04
217	1.72
218	2.17
219	2.14
220	0.98
221	0.13
222	0.26
223	0.16
224	-0.02
225	-0.22
226	0.17
227	0.48
228	0.11
229	0.54
230	0.22
231	-0.22
232	-0.19
233	-0.39
234	-0.35
235	-0.1
236	-0.25
237	-0.97
238	-0.71
239	-1.31
240	0.93
241	0.37
242	1.99
243	1.84
244	1.35
245	0.83
246	0.95
247	0.64
248	0.36
249	0.37
250	1.65
251	1.56
252	3.09
253	4.21
254	2.72
255	1.89
256	1.83
257	1.36
258	1.28
259	2.25
260	3.13
261	5.74
262	5.1
263	4.33
264	4.15
265	3.29
266	3.62
267	3.8
268	3.14
269	2.56
270	2.87
271	3.04
272	3.33
273	1.98
274	1.55
275	2.58
276	2.92
277	3.73
278	2.67
279	2.58
280	2.56
281	3.04
282	2.86
283	3.9
284	3.08
285	3.25
286	3.2
287	2.59
288	2.72
289	3.88
290	2.76
291	4.65
292	5.04
293	5.44
294	6.03
295	0.85
296	0.57
297	-0.18
298	-0.87
299	-0.44
300	-0.21
301	-0.05
302	0.12
303	0.52
304	0.61
305	0.02
306	-0.88
307	-1.01
308	-0.24
309	-0.24
310	-1.06
311	-3.47
312	-3.48
313	-3.18
314	-7.61
315	-6.4
316	-3.81
317	-3.47
318	-2.61
319	-3.41
320	-4.91
321	-3.55
322	-6.66
323	-6.18
324	-5.57
325	-5.46
326	-5.205
327	-4.95
328	-5.51
329	-5.5
330	-4.53
331	-4.52
332	-4.37
333	-3.18
334	-2.02
335	-1.07
336	-2.19
337	-1.95
338	-2.33
339	-4.03
340	-4.01
341	-3.99
342	-3.71
343	-3.71
344	-3.12
345	-3.57
346	-4.4
347	-6.82
348	-8.69
349	-9.77
350	-8.17
351	-0.97
352	0.53
353	8.88
354	8.99
355	6.38
356	3.96
357	4.57
358	1.62
359	0.23
360	-1.85
361	0.6
362	-0.39
363	-2.29
364	-5.78
365	-3.57
366	0.31
367	-2.34
368	-0.5
369	-2.96
370	-7.24
371	-9.7
372	-10.83
373	-11.74
374	-8.74
375	-5.99
376	-7.07
377	-8.02
378	-7.28
379	-8.44
380	-8.08
381	-7.57
382	-6.5
383	-6.16
384	-6.78
385	-6.35
386	-5.38
387	-5.5
388	-6.16
389	-5.87
390	-6.23
391	-9.39
392	-6.58
393	-9.13
394	-8.55
395	-5
396	-3.94
397	-4.02
398	-1.84
399	-1.29
400	-6.62
401	-8.18
402	-4.55
403	-5.61
404	-6.19
405	-6.3
406	-5.04
407	-1.63
408	-6.26
409	-5.52
410	-2.92
411	0.83
412	-0.07
413	0.23
414	2.02
415	5.61
416	5.45
417	3.61
418	2.89
419	-4.13
420	-6.03
421	-4.79
422	-3.87
423	-9.34
424	-10.95
425	-7.61
426	-7.76
427	-8.21
428	-9.77
429	-10.83
430	-10.39
431	-11.56
432	-11.5
433	-11.4
434	-12.34
435	-11.76
436	-11.51
437	-14.1
438	-14.42
439	-12.77
440	-2.44
441	9
442	10.13
443	11.21
444	10.27
445	9.25
446	9.55
447	10.42
448	10.24
449	10.29
450	10.14
451	9.33
452	8.08
453	7.16
454	5.55
455	3.92
456	2.65
457	0.2
458	2.49
459	10.28
460	8.85
461	8.93
462	7.23
463	7.49
464	9.2
465	8.75
466	7.57
467	6.03
468	6.67
469	5.22
470	5.23
471	5.06
472	4.02
473	3.79
474	3.18
475	3.08
476	2.81
477	2.46
478	2.72
479	3.06
480	1.62
481	-0.25
482	-0.69
483	-0.34
484	-1.26
485	-1.45
486	-1.5
487	-1.19
488	-1.63
489	-2.08
490	-2.25
491	-2.48
492	-2.17
493	-3.66
494	-5.44
495	-7.25
496	-7.41
497	-9.29
498	-9.53
499	-10
500	-10.43
501	-8.63
502	-8.64
503	-8.7
504	-10.44
505	-7.72
506	-8.95
507	-9.26
508	-9.86
509	-12.38
510	-13.19
511	-13.23
512	-12.46
513	-12.81
514	-12.62
515	-11.86
516	-9.78
517	-11.79
518	-11.42
519	-6.65
520	1.6
521	1.7
522	-6.67
523	-8.84
524	-9.14
525	-3.84
526	-1.18
527	-2.66
528	-3.85
529	-3.16
530	-6.46
531	-7.22
532	-5.53
533	-6.09
534	-7.17
535	-1.75
536	-1.71
537	-1.11
538	-2.61
539	-1.85
540	-2.2
541	-2.06
542	-3.1
543	-1.86
544	-0.01
545	-1.87
546	3.22
547	4.02
548	3.13
549	2.51
550	-2.05
551	-0.73
552	-0.71
553	-0.22
554	11.12
555	10.87
556	11.27
557	10.95
558	10.73
559	8.5
560	6.32
561	5.58
562	5.32
563	2.64
564	7.45
565	6.78
566	5.96
567	3.99
568	6.54
569	9.09
570	7.91
571	7.83
572	8.45
573	6.11
574	-1.94
575	-1.78
576	-2.74
577	-4.42
578	-5.06
579	-5.18
580	-5.36
581	-5.9
582	-6.26
583	-4.94
584	-6.35
585	-7.28
586	-6.93
587	-5.84
588	-6.13
589	-7.72
590	-8.5
591	-9.22
592	-9.87
593	-5.8
594	-0.34
595	5.45
596	6.34
597	7.9
598	8.38
599	7.05
600	8.06
601	9.47
602	9.43
603	10.02
604	3.84
605	3.95
606	1.55
607	1.18
608	0.8
609	1.47
610	2.39
611	-0.7
612	-0.28
613	0.93
614	1.28
615	0.27
616	-0.06
617	-0.47
618	0.25
619	-0.01
620	-0.65
621	-0.56
622	-0.22
623	0.64
624	1.94
625	2.46
626	2.57
627	3.41
628	2.99
629	4.05
630	4.81
631	4.88
632	4.41
633	4.5
634	5.05
635	5.24
636	5.1
637	5.02
638	4.39
639	4.62
640	5.8
641	5.46
642	5.03
643	5.16
644	5.52
645	6.2
646	5.49
647	6.03
648	6.2
649	6.74
650	6.45
651	6.475
652	6.5
653	6.43
654	6.71
655	6.86
656	6.94
657	6.89
658	6.97
659	7.02
660	6.56
661	4.64
662	5.06
663	7.22
664	8.32
665	7.77
666	6.5
667	7.03
668	4.94
669	3.34
670	2.59
671	3.66
672	5.57
673	3.41
674	3.28
675	2.67
676	0.42
677	1.01
678	0.38
679	1.53
680	-1.17
681	-4.65
682	-3.25
683	-2.38
684	-0.2
685	-0.54
686	-0.375
687	-0.21
688	-0.66
689	1.86
690	3.24
691	3.59
692	3.32
693	2.23
694	4.74
695	4.05
696	5.64
697	4.72
698	4.79
699	6.26
700	7
701	7.59
702	8.44
703	8.25
704	7.05
705	6.74
706	7.39
707	8.01
708	8.13
709	7.68
710	8.31
711	8.63
712	8.53
713	8.62
714	8.7
715	7.93
716	7.32
717	7.51
718	7.48
719	6.73
720	6.54
721	6.1
722	7.09
723	7.83
724	7.94
725	7.47
726	5.1
727	4.63
728	4.88
729	2.94
730	3.22
731	3.73
732	2.99
733	3.11
734	0.55
735	-1.42
736	4.84
737	8.39
738	7.77
739	5.5
740	6.2
741	7.27
742	9.07
743	7.57
744	8.05
745	7.65
746	6.62
747	6.74
748	4.67
749	4.31
750	4.33
751	2.88
752	-0.15
753	0.12
754	-0.5
755	-0.7
756	-0.84
757	-0.08
758	-0.49
759	1.54
760	1.81
761	-2.7
762	-2.71
763	-3.21
764	-3.21
765	-3.65
766	-2.84
767	-1.99
768	-1.38
769	-1.77
770	-2.07
771	-1.41
772	-1.5
773	-1.64
774	-2.27
775	-2.7
776	-4.23
777	-3.48
778	-2.85
779	-5.26
780	-4.54
781	-4.3
782	-4.53
783	-4.74
784	-3.8
785	-2.5
786	-2.52
787	-2.23
788	-3.43
789	-1.49
790	-0.33
791	0.36
792	-0.26
793	-0.29
794	-0.95
795	-0.22
796	-3.79
797	-3.26
798	-4.78
799	-2.25
800	-3.17
801	-0.64
802	-1.17
803	-1.18
804	-0.6
805	-1.49
806	-0.8
807	0.09
808	0.29
809	-0.22
810	-4.95
811	-4.13
812	-3.5
813	-2.54
814	-1.5
815	-1.3
816	-0.99
817	-0.92
818	0.13
819	0.42
820	0.43
821	-0.33
822	-1.51
823	-1.81
824	-1.37
825	-1.83
826	-1.2
827	-0.837142857
828	-0.474285714
829	-0.111428571
830	0.251428571
831	0.614285714
832	0.977142857
833	1.34
834	1.41
835	1
836	-0.27
837	0.56
838	-1.03
839	-2.08
840	-4.03
841	-5.98
842	-6.79
843	-7.42
844	-7.5
845	-8.18
846	-8.15
847	-5.75
848	-5.39
849	-8.58
850	-8.47
851	-9
852	-8.86
853	-9.42
854	-10.16
855	-10.47
856	-10.92
857	-11.34
858	-11.01
859	-10.82
860	-10.81
861	-9.1
862	-8.32
863	-8.61
864	-8.24
865	-9.04
866	-8.91
867	-8.96
868	-8.58
869	-7.88
870	-8.17
871	-7.55
872	-7.7075
873	-7.865
874	-8.0225
875	-8.18
876	-5.81
877	-4.87
878	1.4
879	0.81
880	0.52
881	0.27
882	-5.88
883	-7.44
884	-7.03
885	-7.82
886	2.61
887	3.65
888	-1.05
889	-0.77
890	-1.3
891	-0.81
892	-2.28
893	-3.76
894	-5.53
895	-5.873333333
896	-6.216666667
897	-6.56
898	-6.97
899	-8.01
900	-6.35
901	-7.37
902	-7.28
903	-6.11
904	-7.85
905	-10.35
906	-10.43
907	-10.49
908	-10.39
909	-10.35
910	-10.55
911	-10.99
912	-10.99
913	-11.1
914	-11.1
915	-10.96
916	-10.67
917	-10.38
918	-10.77
919	-10.79
920	-11.05
921	-11.05
922	-10.98
923	-11.08
924	-11.35
925	-11.36
926	-11.24
927	-11.01
928	-10.99
929	-9.79
930	-6.91
931	-5.63
932	-5.9
933	-7.93
934	-8
935	-7.54
936	-7.1
937	-9.18
938	-8.83
939	-7.17
940	-8.04
941	-7.68
942	-7.1
943	-7.81
944	-7.28
945	-8.05
946	-8.4
947	-8.1
948	-7.35
949	-6.8
950	-7.43
951	-7.47
952	-6.8
953	-5.97
954	-7.61
955	-6.47
956	-6.92
957	-6.345
958	-5.77
959	-6.55
960	-7.8
961	-7.61
962	-5.9
963	-0.92
964	-1.44
965	-3.08
966	-2.3
967	-2.2
968	-1.71
969	-2.65
970	-1.99
971	-4.31
972	-3.69
973	-2.64
974	0.19
975	0.61
976	1.41
977	0.68
978	0.97
979	1.01
980	0.08
981	0.72
982	1.65
983	5.15
984	8.19
985	7.04
986	6.74
987	6.835
988	6.93
989	8.06
990	8.4
991	3.06
992	3.59
993	4.34
994	5.09
995	5.84
996	6.24
997	6.81
998	5.87
999	6.72
1000	7.14
1001	7.28
1002	5.5
1003	4.25
1004	5.2
1005	4.73
1006	4.13
1007	4.06
1008	4.98
1009	6.14
1010	4.02
1011	5.58
1012	5.92
1013	6.713333333
1014	7.506666667
1015	8.3
1016	8.1
1017	7.9
1018	7.89
1019	8.06
1020	6.74
1021	4.01
1022	5.51
1023	5.57
1024	5.87
1025	5.65
1026	5.93
1027	8.14
1028	8.11
1029	8.41
1030	8.62
1031	8.03
1032	5.28
1033	5.74
1034	1.93
1035	1.91
1036	2.7
1037	3.51
1038	3.61
1039	4.88
1040	4.14
1041	3.9
1042	5.56
1043	-0.26
1044	-8.52
1045	-7.58
1046	-7.5
1047	-6.77
1048	-6.92
1049	-6.57
1050	-6.58
1051	-7.85
1052	-9.67
1053	-9.26
1054	-9.12
1055	-8.57
1056	-9.31
1057	-8.67
1058	-6.37
1059	-5.55
1060	-4.99
1061	-4.53
1062	-6.82
1063	-7.22
1064	-6.55
1065	-5.43
1066	-4.31
1067	-3.19
1068	-2.04
1069	-2.67
1070	-5.465
1071	-8.26
1072	-7.7
1073	-8.59
1074	-8.37
1075	-8.07
1076	-5.24
1077	-4.12
1078	-4.59
1079	-3.23
1080	-3.01
1081	-0.92
1082	-0.3
1083	-2.73
1084	-2.43
1085	-1.92
1086	-1.69
1087	-1.67
1088	1.48
1089	0.42
1090	0.55
1091	0.19
1092	0.09
1093	0.64
1094	1.58
1095	1.31
1096	0.91
1097	-0.07
1098	-1.74
1099	-0.74
1100	-0.38
1101	-2.13
1102	-2.09
1103	0.39
1104	0.8
1105	1.05
1106	2.05
1107	0.96
1108	1.34
1109	2.71
1110	1.56
1111	0.1
1112	-0.14
1113	0.7
1114	0.28
1115	0.42
1116	2.64
1117	2.82
1118	0.52
1119	-0.15
1120	-14.13
1121	-15.5
1122	-16.57
1123	-10.74
1124	-11.31
1125	-10.43
1126	-10.12
1127	-9.79
1128	-10.78
1129	-11.26
1130	-18.38
1131	-12.14
1132	-31.19
1133	-22.6
1134	-16.46
1135	-21.87
1136	-19.83
1137	-32.01
1138	-17.69
1139	-28.36
1140	-26.68
1141	-22.23
1142	-19.12
1143	-19.82
1144	-23.6
1145	-24.9
1146	-26.48
1147	-26.56
1148	-25.07
1149	-26.67
1150	-31.8
1151	-33.17
1152	-32.97
1153	-28.1
1154	-32.78
1155	-34.28
1156	-34.36
1157	-31.78
1158	-36.23
1159	-37.01
1160	-36.42
1161	-35.03
1162	-36.73
1163	-38.7
1164	-38.98
1165	-38.62
1166	-38.16
1167	-36.24
1168	-36.53
1169	-36.03
1170	-36.01
1171	-35.09
1172	-34.16
1173	-34.43
1174	-34.29
1175	-32.37
1176	-34.61
1177	-34.98
1178	-34.78
1179	-34.96
1180	-34.57
1181	-35.65
1182	-36.14
1183	-24.09
1184	-18.82
1185	-14.99
1186	-5.9
1187	-6.8
1188	-3.99
1189	5.2
1190	-3.06
1191	-3.45
1192	5.34
1193	2.32
1194	0.87
1195	1.26
1196	-1.45
1197	-0.58
1198	9.56
1199	7.03
1200	13.45
1201	13.52
1202	11.63
1203	13.07
1204	11.63
1205	3.76
1206	11.65
1207	12.62
1208	13.45
1209	12.87
1210	5.62
1211	10.19
1212	11.03
1213	1.37
1214	1.5
1215	14.15
1216	16.4
1217	16.64
1218	17.06
1219	17.18
1220	17.01
1221	16.68
1222	18.61
1223	20.71
1224	22.56
1225	25.07
1226	22.98
1227	25.31
1228	23.21
1229	22.43
1230	22.13
1231	24.55
1232	22.67
1233	28.86
1234	28.78
1235	26.49
1236	29.7
1237	28.64
1238	25.94
1239	21.5
1240	21.67
1241	21.92
1242	21.45
1243	20.73
1244	21.84
1245	22.81
1246	12.69
1247	11.71
1248	12.54
1249	10.46
1250	15.84
1251	7.58
1252	9.27
1253	8.3
1254	9.94
1255	9.23
1256	6.65
1257	8.26
1258	2.21
1259	-12.61
1260	-13.2
1261	-12.26
1262	-8.42
1263	-5.87
1264	-0.57
1265	-9.02
1266	-13.85
1267	-9.66
1268	-9.49
1269	-7.92
1270	-6.09
1271	-4
1272	-2.78
1273	-2.46
1274	-0.97
1275	7.04
1276	2.06
1277	-11.56
1278	-10.91
1279	-9.54
1280	-8.53
1281	-9.34
1282	-8.13
1283	2.81
1284	8.73
1285	12.56
1286	10.84
1287	12.3
1288	5.07
1289	-4.44
1290	19.93
1291	21.71
1292	19.07
1293	19.8
1294	23.22
1295	22.25
1296	19.11
1297	15.37
1298	14.25
1299	-2.77
1300	-4.04
1301	3.27
1302	4.44
1303	18.78
1304	21.73
1305	16.3
1306	22.9
1307	22.07
1308	22.69
1309	22.45
1310	23.07
1311	22.44
1312	22.5
1313	21.31
1314	16.06
1315	15.8
1316	14.41
1317	13.81
1318	12.26
1319	11.2
1320	9.47
1321	-0.48
1322	-0.49
1323	1.55
1324	0.49
1325	-6.42
1326	-5.04
1327	4.05
1328	8.46
1329	13.59
1330	16.76
1331	17.03
1332	22.04
1333	21.55
1334	23.36
1335	18.94
1336	18.91
1337	21.67
1338	17.61
1339	18.94
1340	19.74
1341	20.31
1342	20.14
1343	22.92
1344	20.95
1345	17.43
1346	18.07
1347	18.71
1348	16.58
1349	16.75
1350	17.28
1351	18.31
1352	15.71
1353	13.31
1354	11.29
1355	12.69
1356	12.31
1357	13.25
1358	8.41
1359	13.13
1360	10.99
1361	15.51
1362	16.76
1363	15.88
1364	13.37
1365	18.35
1366	15.92
1367	13.99
1368	11.15
1369	8.4
1370	4.57
1371	6.36
1372	4.56
1373	6.1
1374	4.89
1375	5.01
1376	5.19
1377	5.48
1378	3.93
1379	5.89
1380	5.85
1381	5.62
1382	6.3
1383	6.25
1384	6.02
1385	5.36
1386	1.54
1387	1.61
1388	16.8
1389	21.2
1390	21.18
1391	19.93
1392	23.64
1393	22.25
1394	22.62
1395	22.47
1396	21.47
1397	18.92
1398	11.15
1399	5.72
1400	5.23
1401	5.88
1402	8.21
1403	9.85
1404	8.87
1405	9.27
1406	10.76
1407	8.63
1408	7.88
1409	11.63
1410	12.04
1411	11.34
1412	9.13
1413	7.94
1414	14.69
1415	15.19
1416	16.35
1417	13.28
1418	14.84
1419	7.51
1420	7.42
1421	13.84
1422	14.14
1423	16.96
1424	16.51
1425	15.65
1426	14.69
1427	13.36
1428	13.7
1429	12.05
1430	13.35
1431	18.04
1432	16.65
1433	19.04
1434	19.81
1435	20.77
1436	22.2
1437	19.22
1438	21.45
1439	22.87
1440	22.68
