1	-1.1
2	-0.81
3	-0.55
4	-0.56
5	-0.21
6	-0.2
7	-0.25
8	-0.33
9	-0.27
10	0.18
11	0.54
12	0.83
13	1.12
14	1.41
15	1.7
16	1.74
17	1.74
18	1.335
19	0.93
20	0.525
21	0.12
22	-0.285
23	-0.69
24	-0.66
25	-1.15
26	-1.08
27	-0.5
28	-0.26
29	0.39
30	0.44
31	-0.18
32	-0.26
33	0.25
34	0.47
35	0.54
36	0.73
37	-0.63
38	-1.63
39	-1.79
40	-1.95
41	-2.56
42	-2.67
43	-2.86
44	-2.75
45	-2.89
46	-2.91
47	-1.84
48	-2.024285714
49	-2.208571429
50	-2.392857143
51	-2.577142857
52	-2.761428571
53	-2.945714286
54	-3.13
55	-2.44
56	-3.2
57	-2.82
58	-2.27
59	-2.86
60	-3.02
61	-2.48
62	-2.68
63	-2.79
64	-2.48
65	-2.27
66	-2.33
67	-1.9
68	-1.65
69	-1.77
70	-2.16
71	-2.2
72	-2.48
73	-2.66
74	-2.59
75	-2.48
76	-2.41
77	-2.38
78	-2.41
79	-2.3
80	-2.14
81	-1.98
82	-2.07
83	-1.94
84	-2.2
85	-2.17
86	-2.11
87	-2.24
88	-2.06
89	-1.76
90	-1.99
91	-2.15
92	-1.72
93	-1.53
94	-1.48
95	-1.24
96	-1.92
97	-1.75
98	-1.41
99	-1.53
100	-1.39
101	-1.42
102	-1.39
103	-1.29
104	-1.1
105	-1.22
106	-1.11
107	-1.08
108	-1.16
109	-1.06
110	-0.85
111	-1
112	-1.49
113	-1.37
114	-1.59
115	-1.47
116	-1.27
117	-1.42
118	-1.54
119	-1.74
120	-1.54
121	-1.76
122	-2.23
123	-1.6
124	-1.56
125	-1.39
126	-1.44
127	-1.51
128	-1.5
129	-1.58
130	-1.4
131	-1.57
132	-1.65
133	-1.71
134	-1.73
135	-1.79
136	-1.48
137	-1.65
138	-1.62
139	-1.73
140	-1.84
141	-1.93
142	-1.6
143	-1.41
144	-1.61
145	-2.2
146	-2.1
147	-1.99
148	-1.44
149	-1.34
150	-1.26
151	-1.435
152	-1.61
153	-1.57
154	-1.7
155	-2.17
156	-1.88
157	-1.59
158	-1.3
159	-0.64
160	-0.59
161	-0.75
162	-0.52
163	-0.495
164	-0.47
165	-0.53
166	-0.38
167	-0.97
168	-1.41
169	-1.51
170	-1.46
171	-1.8
172	-1.85
173	-1.78
174	-1.79
175	-1.98
176	-1.81
177	-1.57
178	-0.89
179	-1.01
180	-0.88
181	-0.73
182	-0.65
183	-0.38
184	-0.36
185	-0.09
186	0.2
187	0.23
188	0.37
189	0.53
190	0.65
191	-0.81
192	-2.38
193	-2.06
194	-2.15
195	-2.3
196	-2.18
197	-2.18
198	-2.13
199	-1.85
200	-2.39
201	-1.83
202	-1.72
203	-1.55
204	-1.25
205	-1.26
206	-1.31
207	-1.15
208	-1.1
209	-0.86
210	-0.7
211	-0.725
212	-0.75
213	-0.65
214	-0.62
215	-0.61
216	-0.7
217	-0.59
218	-0.74
219	-0.73
220	-0.33
221	-0.04
222	-0.09
223	-0.06
224	0.01
225	0.08
226	-0.06
227	-0.17
228	-0.04
229	-0.19
230	-0.08
231	0.08
232	0.07
233	0.14
234	0.12
235	0.03
236	0.09
237	0.21
238	0.33
239	0.45
240	-0.32
241	-0.13
242	-0.68
243	-0.63
244	-0.46
245	-0.28
246	-0.33
247	-0.22
248	-0.175
249	-0.13
250	-0.57
251	-0.54
252	-1.07
253	-1.46
254	-0.94
255	-0.65
256	-0.63
257	-0.676666667
258	-0.723333333
259	-0.77
260	-1.07
261	-2.02
262	-1.82
263	-1.51
264	-1.45
265	-1.355
266	-1.26
267	-1.32
268	-1.07
269	-0.88
270	-0.98
271	-1.04
272	-1.14
273	-0.68
274	-0.53
275	-0.88
276	-1
277	-1.28
278	-0.91
279	-0.88
280	-0.88
281	-1.04
282	-0.97
283	-1.33
284	-1.05
285	-1.11
286	-1.1
287	-0.88
288	-0.9
289	-0.92
290	-0.94
291	-1.58
292	-1.73
293	-1.94
294	-2.15
295	-0.3
296	-0.2
297	0.06
298	0.3
299	0.15
300	0.07
301	0.02
302	-0.04
303	-0.18
304	-0.21
305	0.045
306	0.3
307	0.35
308	0.08
309	0.08
310	0.37
311	1.21
312	1.495
313	1.78
314	2.065
315	2.35
316	1.4
317	1.22
318	0.94
319	1.24
320	1.8
321	1.3
322	2.44
323	2.26
324	2.17
325	2.08
326	1.99
327	1.9
328	1.81
329	1.72
330	1.63
331	1.61
332	1.55
333	1.12
334	0.71
335	0.38
336	0.77
337	0.69
338	0.8
339	1.45
340	1.511428571
341	1.572857143
342	1.634285714
343	1.695714286
344	1.757142857
345	1.818571429
346	1.88
347	2.9
348	3.38
349	4.08
350	3.49
351	0.37
352	-0.21
353	-3.58
354	-3.69
355	-2.62
356	-1.6
357	-1.85
358	-0.66
359	-0.09
360	0.76
361	-0.24
362	0.16
363	0.93
364	2.4
365	1.48
366	-0.13
367	0.95
368	0.2
369	1.21
370	2.61
371	4.01
372	4.47
373	4.97
374	3.68
375	2.49
376	2.91
377	3.31
378	3.02
379	3.5
380	3.36
381	3.14
382	2.68
383	2.54
384	2.79
385	2.61
386	2.22
387	2.27
388	2.55
389	2.43
390	2.58
391	3.93
392	2.76
393	3.8
394	3.57
395	2.08
396	1.64
397	1.67
398	0.76
399	0.53
400	2.72
401	3.41
402	1.9
403	2.34
404	2.58
405	2.335
406	2.09
407	0.67
408	2.59
409	2.31
410	1.22
411	-0.35
412	0.03
413	-0.1
414	-0.83
415	-2.31
416	-2.24
417	-1.48
418	-1.19
419	1.71
420	2.5
421	1.99
422	1.58
423	3.8
424	4.65
425	3.26
426	3.37
427	3.55
428	4.18
429	4.64
430	4.45
431	4.95
432	4.92
433	4.88
434	5.28
435	5.03
436	4.92
437	6.05
438	6.19
439	5.52
440	1.06
441	-3.9
442	-4.37
443	-4.75
444	-4.4
445	-3.96
446	-4.05
447	-4.39
448	-4.32
449	-4.34
450	-4.28
451	-3.94
452	-3.4
453	-2.97
454	-2.3
455	-1.62
456	-1.1
457	-0.08
458	-1.06
459	-4.37
460	-3.76
461	-3.79
462	-3.09
463	-3.2
464	-3.94
465	-3.74
466	-3.17
467	-2.53
468	-2.81
469	-2.2
470	-2.2
471	-2.13
472	-1.69
473	-1.59
474	-1.33
475	-1.28
476	-1.17
477	-1.02
478	-1.13
479	-1.28
480	-0.67
481	0.1
482	0.29
483	0.14
484	0.38
485	0.62
486	0.64
487	0.51
488	0.7
489	0.89
490	0.9
491	0.91
492	0.92
493	1.55
494	2.29
495	3.03
496	3.09
497	3.92
498	4.01
499	4.2
500	4.4
501	3.65
502	3.66
503	3.65
504	4.38
505	3.24
506	3.77
507	3.9
508	4.08
509	5.16
510	5.53
511	5.55
512	5.22
513	5.32
514	5.24
515	4.88
516	4.04
517	4.91
518	4.84
519	2.82
520	-0.67
521	-0.72
522	2.85
523	3.36
524	3.87
525	1.63
526	1.365
527	1.1
528	1.59
529	1.31
530	2.7
531	3.04
532	2.34
533	2.57
534	3.02
535	0.73
536	0.71
537	0.46
538	1.09
539	0.77
540	0.92
541	0.87
542	1.32
543	0.8
544	0
545	0.79
546	-1.35
547	-1.68
548	-0.836666667
549	0.006666667
550	0.85
551	0.3
552	0.28
553	0.09
554	-4.64
555	-4.68
556	-4.86
557	-4.69
558	-4.52
559	-3.58
560	-2.61
561	-2.31
562	-2.566666667
563	-2.823333333
564	-3.08
565	-2.79
566	-2.44
567	-2.598
568	-2.756
569	-2.914
570	-3.072
571	-3.23
572	-3.49
573	-2.52
574	0.8
575	0.73
576	1.13
577	1.82
578	1.985
579	2.15
580	2.23
581	2.45
582	2.62
583	2.07
584	2.68
585	3.08
586	2.94
587	2.48
588	2.6
589	3.31
590	3.65
591	3.99
592	4.27
593	2.51
594	0.14
595	-2.26
596	-2.54
597	-3.16
598	-2.965
599	-2.77
600	-3.17
601	-3.72
602	-3.7
603	-4.01
604	-1.54
605	-1.56
606	-0.61
607	-0.596666667
608	-0.583333333
609	-0.57
610	-0.94
611	0.28
612	0.11
613	-0.2
614	-0.51
615	-0.11
616	0.02
617	0.19
618	-0.1
619	0
620	0.26
621	0.22
622	0.09
623	-0.25
624	-0.77
625	-0.98
626	-1.03
627	-1.37
628	-1.2
629	-1.67
630	-1.98
631	-1.9
632	-1.82
633	-1.85
634	-2.08
635	-2.14
636	-2.08
637	-2.05
638	-1.78
639	-1.88
640	-2.04
641	-2.2
642	-2.03
643	-2.08
644	-2.3
645	-2.52
646	-2.23
647	-2.46
648	-2.54
649	-2.76
650	-2.733333333
651	-2.706666667
652	-2.68
653	-2.66
654	-2.77
655	-2.83
656	-2.87
657	-2.86
658	-2.91
659	-2.93
660	-2.69
661	-1.9
662	-2.09
663	-3.01
664	-3.46
665	-3.23
666	-2.72
667	-2.39
668	-2.06
669	-1.39
670	-1.07
671	-1.54
672	-2.35
673	-1.94
674	-1.53
675	-1.12
676	-0.18
677	-0.43
678	-0.16
679	-0.65
680	0.5
681	2.01
682	1.42
683	1.04
684	0.09
685	0.24
686	-0.084
687	-0.408
688	-0.732
689	-1.056
690	-1.38
691	-1.53
692	-1.43
693	-0.96
694	-1.46
695	-1.96
696	-2.46
697	-2.06
698	-2.08
699	-2.72
700	-3.03
701	-3.29
702	-3.7
703	-3.6
704	-3.07
705	-2.92
706	-3.19
707	-3.45
708	-3.5
709	-3.31
710	-3.58
711	-3.76
712	-3.71
713	-3.755
714	-3.8
715	-3.46
716	-3.345
717	-3.23
718	-3.22
719	-2.91
720	-2.83
721	-2.61
722	-3.04
723	-3.41
724	-3.46
725	-3.26
726	-2.21
727	-2.01
728	-2.12
729	-1.28
730	-1.4
731	-1.345
732	-1.29
733	-1.34
734	-0.25
735	0.64
736	-2.1
737	-3.69
738	-3.42
739	-2.39
740	-2.68
741	-3.14
742	-3.99
743	-3.35
744	-3.6
745	-3.42
746	-3.21
747	-3
748	-2.02
749	-1.83
750	-1.88
751	-1.25
752	0.06
753	0.14
754	0.22
755	0.3
756	0.36
757	0.03
758	0.21
759	-0.66
760	-0.75
761	1.12
762	1.12
763	1.35
764	1.35
765	1.53
766	1.22
767	0.91
768	0.6
769	0.76
770	0.85
771	0.59
772	0.64
773	0.7
774	0.96
775	1.13
776	1.77
777	1.46
778	1.2
779	2.24
780	1.92
781	1.82
782	1.86
783	1.95
784	1.643333333
785	1.336666667
786	1.03
787	0.93
788	1.46
789	0.63
790	0.14
791	-0.15
792	0.11
793	0.12
794	0.4
795	0.09
796	1.58
797	1.36
798	2
799	0.95
800	1.32
801	0.27
802	0.49
803	0.5
804	0.26
805	0.63
806	0.38
807	0.13
808	-0.12
809	0.09
810	2.06
811	1.72
812	1.395
813	1.07
814	0.63
815	0.54
816	0.41
817	0.443333333
818	0.476666667
819	0.51
820	0.543333333
821	0.576666667
822	0.61
823	0.74
824	0.56
825	0.472727273
826	0.385454545
827	0.298181818
828	0.210909091
829	0.123636364
830	0.036363636
831	-0.050909091
832	-0.138181818
833	-0.225454545
834	-0.312727273
835	-0.4
836	0.11
837	0.583333333
838	1.056666667
839	1.53
840	2.003333333
841	2.476666667
842	2.95
843	3.22
844	3.26
845	3.56
846	3.55
847	2.5
848	2.26
849	3.6
850	3.66
851	3.91
852	3.81
853	4.05
854	4.44
855	4.58
856	4.79
857	4.98
858	4.845
859	4.71
860	4.69
861	3.93
862	3.72
863	3.94
864	3.82
865	3.895
866	3.97
867	4
868	3.83
869	3.685
870	3.54
871	3.27
872	3.116
873	2.962
874	2.808
875	2.654
876	2.5
877	2.12
878	-0.61
879	-0.34
880	-0.22
881	-0.11
882	2.5
883	3.16
884	2.80875
885	2.4575
886	2.10625
887	1.755
888	1.40375
889	1.0525
890	0.70125
891	0.35
892	0.99
893	1.61
894	2.37
895	2.5075
896	2.645
897	2.7825
898	2.92
899	3.35
900	2.68
901	3.11
902	3.07
903	2.56
904	3.29
905	4.53
906	4.57
907	4.6
908	4.51
909	4.45
910	4.55
911	4.74
912	4.89
913	4.95
914	4.931428571
915	4.912857143
916	4.894285714
917	4.875714286
918	4.857142857
919	4.838571429
920	4.82
921	4.82
922	4.79
923	4.84
924	4.95
925	4.97
926	4.92
927	4.88
928	4.87
929	4.28
930	2.95
931	2.38
932	2.49
933	3.35
934	3.41
935	3.21
936	3.01
937	3.92
938	3.77
939	3.04
940	3.12
941	3.2
942	3.28
943	3.36
944	3.14
945	3.47
946	3.62
947	3.5
948	3.16
949	2.93
950	3.2
951	3.21
952	2.93
953	2.57
954	3.32
955	2.86
956	2.968
957	3.076
958	3.184
959	3.292
960	3.4
961	3.32
962	2.58
963	0.4
964	0.62
965	1.32
966	0.98
967	0.94
968	0.975
969	1.01
970	1.045
971	1.08
972	1.115
973	1.15
974	-0.08
975	-0.27
976	-0.62
977	-0.3
978	-0.43
979	-0.44
980	-0.03
981	-0.31
982	-0.72
983	-2.28
984	-3.63
985	-3.08
986	-2.95
987	-2.985
988	-3.02
989	-3.51
990	-3.66
991	-3.51
992	-3.36
993	-3.21
994	-3.06
995	-2.91
996	-2.76
997	-3.01
998	-2.6
999	-2.96
1000	-3.15
1001	-3.2
1002	-2.41
1003	-1.83
1004	-2.24
1005	-2.08
1006	-1.81
1007	-1.76
1008	-2.17
1009	-2.68
1010	-1.74
1011	-2.42
1012	-2.646
1013	-2.872
1014	-3.098
1015	-3.324
1016	-3.55
1017	-3.47
1018	-3.42
1019	-3.51
1020	-3.02
1021	-1.85
1022	-2.54
1023	-2.56
1024	-2.57
1025	-2.58
1026	-2.59
1027	-3.58
1028	-3.58
1029	-3.68
1030	-3.77
1031	-3.52
1032	-2.26
1033	-2.46
1034	-0.83
1035	-0.84
1036	-1.2
1037	-1.56
1038	-1.656666667
1039	-1.753333333
1040	-1.85
1041	-1.74
1042	-2.48
1043	0.12
1044	3.82
1045	3.44
1046	3.35
1047	3.01
1048	2.94
1049	2.87
1050	2.88
1051	3.41
1052	4.23
1053	4.11
1054	4.06
1055	3.83
1056	4.16
1057	3.79
1058	2.84
1059	2.52
1060	2.27
1061	2.07
1062	3.13
1063	3.31
1064	3.363636364
1065	3.417272727
1066	3.470909091
1067	3.524545455
1068	3.578181818
1069	3.631818182
1070	3.685454545
1071	3.739090909
1072	3.792727273
1073	3.846363636
1074	3.9
1075	3.76
1076	2.785
1077	1.81
1078	2.02
1079	1.41
1080	1.33
1081	0.41
1082	0.13
1083	1.21
1084	1.07
1085	0.84
1086	0.74
1087	0.73
1088	-0.65
1089	-0.19
1090	-0.25
1091	-0.08
1092	-0.04
1093	-0.29
1094	-0.72
1095	-0.512
1096	-0.304
1097	-0.096
1098	0.112
1099	0.32
1100	0.16
1101	0.545
1102	0.93
1103	-0.17
1104	-0.35
1105	-0.46
1106	-0.89
1107	-0.42
1108	-0.59
1109	-1.19
1110	-0.68
1111	-0.04
1112	0.06
1113	-0.3
1114	-0.12
1115	-0.18
1116	-1.18
1117	-1.23
1118	-0.23
1119	0.07
1120	7.79
1121	8.91
1122	10.59
1123	5.33
1124	5.07
1125	4.68
1126	6.02
1127	5.18
1128	4.85
1129	6.33
1130	10.1
1131	7.57
1132	19.64
1133	15.47
1134	11.49
1135	15.57
1136	14.04
1137	22.21
1138	12.35
1139	20.12
1140	18.91
1141	15.74
1142	13.25
1143	13.73
1144	16.34
1145	17.06
1146	18.09
1147	17.76
1148	17.02
1149	18.25
1150	21.76
1151	22.64
1152	22.6
1153	19.26
1154	21.355
1155	23.45
1156	23.5
1157	21.71
1158	24.81
1159	25.5
1160	25.32
1161	24.36
1162	25.37
1163	26.41
1164	26.57
1165	26.26
1166	25.97
1167	24.81
1168	25.06
1169	24.72
1170	24.48
1171	23.86
1172	23.08
1173	23.29
1174	23.22
1175	21.92
1176	22.99
1177	23.31
1178	23.23
1179	23.74
1180	23.48
1181	23.52
1182	23.7
1183	18.99
1184	14.28
1185	9.57
1186	3.77
1187	4.44
1188	2.59
1189	-3.37
1190	1.96
1191	2.21
1192	-3.42
1193	-1.985
1194	-0.55
1195	-0.8
1196	0.94
1197	0.37
1198	-6.06
1199	-4.46
1200	-8.53
1201	-8.61
1202	-7.41
1203	-8.31
1204	-7.4
1205	-2.4
1206	-7.38
1207	-7.99
1208	-8.115
1209	-8.24
1210	-3.6
1211	-6.52
1212	-6.9
1213	-0.86
1214	-0.95
1215	-8.95
1216	-10.39
1217	-10.55
1218	-10.82
1219	-10.87
1220	-10.76
1221	-10.51
1222	-11.73
1223	-13.02
1224	-14.19
1225	-15.59
1226	-14.34
1227	-15.85
1228	-14.57
1229	-14.08
1230	-13.9
1231	-13.955
1232	-14.01
1233	-17.99
1234	-18.23
1235	-16.37
1236	-18.35
1237	-17.77
1238	-16.17
1239	-13.58
1240	-13.68
1241	-13.68
1242	-13.45
1243	-13.1
1244	-13.69
1245	-14.29
1246	-7.96
1247	-7.35
1248	-7.65
1249	-6.38
1250	-9.82
1251	-4.74
1252	-5.88
1253	-5.28
1254	-6.24
1255	-5.79
1256	-5.445
1257	-5.1
1258	-1.38
1259	8.03
1260	6.955
1261	5.88
1262	4.805
1263	3.73
1264	0.36
1265	5.73
1266	8.62
1267	6.04
1268	5.98
1269	4.78
1270	3.76
1271	2.41
1272	1.67
1273	1.13
1274	0.59
1275	-4.29
1276	-1.25
1277	1.283333333
1278	3.816666667
1279	6.35
1280	5.68
1281	6.23
1282	5.42
1283	-1.82
1284	-5.66
1285	-8.12
1286	-7.945
1287	-7.77
1288	-3.2
1289	2.82
1290	-12.68
1291	-14.47
1292	-12.71
1293	-14.075
1294	-15.44
1295	-14.87
1296	-12.82
1297	-10.19
1298	-9.49
1299	1.86
1300	2.71
1301	-2.233333333
1302	-7.176666667
1303	-12.12
1304	-14.02
1305	-10.52
1306	-15.07
1307	-14.53
1308	-15.22
1309	-15.06
1310	-15.68
1311	-15.25
1312	-15.2
1313	-14.39
1314	-10.85
1315	-10.61
1316	-9.67
1317	-9.27
1318	-8.23
1319	-7.53
1320	-6.37
1321	0.32
1322	0.34
1323	-1.07
1324	-0.34
1325	4.44
1326	3.48
1327	-2.82
1328	-5.87
1329	-8.96
1330	-11.12
1331	-11.35
1332	-14.69
1333	-14.5
1334	-15.67
1335	-12.62
1336	-12.65
1337	-14.46
1338	-11.66
1339	-12.54
1340	-13.11
1341	-13.49
1342	-13.22
1343	-15.05
1344	-13.88
1345	-11.56
1346	-11.84
1347	-12.32
1348	-10.95
1349	-10.85
1350	-11.2
1351	-11.85
1352	-10.16
1353	-8.59
1354	-7.29
1355	-8.2
1356	-7.98
1357	-8.64
1358	-5.4
1359	-8.41
1360	-7.08
1361	-10.03
1362	-10.87
1363	-10.19
1364	-8.6
1365	-11.95
1366	-10.23
1367	-9.09
1368	-7.26
1369	-5.43
1370	-2.98
1371	-4.21
1372	-3.02
1373	-3.79
1374	-3.09
1375	-3.26
1376	-3.42
1377	-3.61
1378	-2.51
1379	-3.76
1380	-3.83
1381	-3.7
1382	-4.08
1383	-4.05
1384	-3.94
1385	-3.53
1386	-1.01
1387	-1.05
1388	-11.09
1389	-14.31
1390	-14.02
1391	-13.19
1392	-15.6
1393	-14.68
1394	-14.93
1395	-14.83
1396	-14.14
1397	-12.46
1398	-7.35
1399	-3.76
1400	-3.44
1401	-3.86
1402	-5.42
1403	-6.45
1404	-5.81
1405	-5.746666667
1406	-5.683333333
1407	-5.62
1408	-5.14
1409	-7.62
1410	-7.88
1411	-7.37
1412	-5.93
1413	-5.13
1414	-9.48
1415	-9.77
1416	-10.69
1417	-8.85
1418	-9.85
1419	-4.92
1420	-4.86
1421	-9.01
1422	-9.2
1423	-10.92
1424	-10.62
1425	-10.03
1426	-9.42
1427	-8.57
1428	-8.81
1429	-7.75
1430	-8.69
1431	-11.73
1432	-10.68
1433	-12.34
1434	-12.84
1435	-13.43
1436	-14.45
1437	-12.48
1438	-13.93
1439	-14.83
1440	-14.71
1441	-13.51
1442	-13.98
1443	-14.42
1444	-13.16
1445	-12.91
1446	-12.795
1447	-12.68
1448	-10.28
1449	-14.26
1450	-13.41
1451	-17.39
1452	-16.52
1453	-15.61
1454	-14.31
1455	-12.46
1456	-11.56
1457	-11.44
1458	-10.74
1459	-7.6
1460	-7.29
1461	-6.82
1462	-6.18
1463	-9.66
1464	-9.35
1465	-10.58
1466	-10.98
1467	-10.28
1468	-11.23
1469	-15.16
1470	-19.01
1471	-19.41
1472	-19.18
1473	-19.4875
1474	-19.795
1475	-20.1025
1476	-20.41
1477	-19.82
1478	-21.09
1479	-20.43
1480	-20.76
1481	-19.3
1482	-18.74
1483	-18.29
1484	-18.93
1485	-14.78
1486	-11.63
1487	-13.68
1488	-12.92
1489	-12.61
1490	-11.1
1491	-8.39
1492	4.69
1493	7.34
1494	12.92
1495	12.43
1496	16.44
1497	15.34
1498	14.6
1499	14.22
1500	14.13
1501	14.51
1502	14.3
1503	13.55
1504	14.2
1505	13.76
1506	13.85
1507	13.65
1508	14.22
1509	14.62
1510	14.1
1511	13.81
1512	13.43
1513	13.77
1514	13.7
1515	13.38
1516	13.17
1517	12.56
1518	11.7
1519	11.37
1520	10.45
1521	9.07
1522	5.88
1523	4.42
1524	3.27
1525	2.15
1526	1.62
1527	3.78
1528	2.98
1529	0.97
1530	-0.09
1531	-2.69
1532	-3.72
1533	-7.84
1534	-10.97
1535	-12.62
1536	-14.74
1537	-15.39
1538	-17.19
1539	-17.94
1540	-16.46
1541	-15.79
1542	-14.78
1543	-15.28
1544	-15.85
1545	-15.83
1546	-16.02
1547	-14.78
1548	-10.42
1549	-14.05
1550	-14.13
1551	-14.17
1552	-14.83
1553	-15.38
1554	-15.25
1555	-15.03
1556	-15.3
1557	-15.19
1558	7.29
1559	11.07
1560	13.97
1561	10.45
1562	5.45
1563	6.27
1564	10.85
1565	15.43
1566	20.01
1567	19.76
1568	19.41
1569	19.78
1570	19.45
1571	18.88
1572	17.3
1573	17.31
1574	17.1
1575	17.12
1576	17.01
1577	17.25
1578	17.7
1579	17.38
1580	16.55
1581	16.49
1582	16.73
1583	16.64
1584	16.88
1585	16.91
1586	16.84
1587	16.16
1588	15.51
1589	13.99
1590	16.75
1591	14.65
1592	15.7
1593	15.31
1594	10.11
1595	12.49
1596	14.75
1597	15.23
1598	15.48
1599	14.87
1600	15.25
1601	15.35
1602	15.92
1603	15.44
1604	15.19
1605	15.47
1606	15.75
1607	15.85
1608	16.31
1609	16.45
1610	16.39
1611	16.33
1612	16.53
1613	16.92
1614	16.84
1615	16.31
1616	15.75
1617	15.65
1618	15.19
1619	16.25
1620	16.88
1621	16.13
1622	16.36
1623	16.29
1624	16.2
1625	16.47
1626	16.63
1627	16.48
1628	15.53
1629	15.34
1630	15.61
1631	16.05
1632	16.15
1633	15.68
1634	15.41
1635	15.34
1636	15.82
1637	16.15
1638	15.55
1639	13.24
1640	13.84
1641	14.58
1642	14.9
1643	15.58
1644	15.75
1645	15.78
1646	16.07
1647	16.31
1648	16.28
1649	16.44
1650	16.54
1651	16.78
1652	16.55
1653	16.42
1654	16.69
1655	16.89
1656	16.87
1657	16.51
1658	15.96
1659	16.46
1660	16.85
1661	15.99
1662	15.76
1663	15.83
1664	15.89
1665	16.23
1666	16.85
1667	16.75
1668	16.5
1669	16.775
1670	17.05
1671	17.48
1672	17.8
1673	17.9075
1674	18.015
1675	18.1225
1676	18.23
1677	18.3
1678	17.31
1679	16.32
1680	15.33
1681	14.18
1682	13.75
1683	15.37
1684	15.41
1685	15.33
1686	15.22
1687	14.83
1688	15.03
1689	15.42
1690	15.49
1691	15.63
1692	15.47
1693	15.65
1694	15.35
1695	15.23
1696	15.64
1697	15.93
1698	15.06
1699	14.93
1700	14.93
1701	14.86
1702	14.77
1703	14.93
1704	14.79
1705	15.45
1706	14.84
1707	14.55
1708	14.55
1709	15.01
1710	14.93
1711	14.9
1712	14.99
1713	14.26
1714	14.23
1715	14.5
1716	14.73
1717	14.23
1718	14.12428571
1719	14.01857143
1720	13.91285714
1721	13.80714286
1722	13.70142857
1723	13.59571429
1724	13.49
1725	13.39
1726	13.2
1727	13.35
1728	13.315
1729	13.28
1730	13.33
1731	13.49
1732	13.57
1733	13.49
1734	13.49
1735	13.6
1736	13.8
1737	13.8
1738	13.56
1739	13.88
1740	13.83
1741	13.84
1742	13.6
1743	13.68
1744	13.17
1745	13.76
1746	14
1747	13.9
1748	14.23
1749	14.3
1750	14.16
1751	13.42
1752	13.3
1753	13.12
1754	13.48
1755	13.15
1756	12.82
1757	11.21
1758	11.53
1759	11.85
1760	12.17
1761	12.49
1762	13.11
1763	13.57
1764	13.8
1765	13.87
1766	13.39
1767	13.48
1768	13.57
1769	13.66
1770	13.535
1771	13.41
1772	12.68666667
1773	11.96333333
1774	11.24
1775	12.31
1776	13.6
1777	8.19
1778	0.34
1779	0.53
1780	-5.385
1781	-11.3
1782	-10.96
1783	-10.85
1784	-10.74
1785	-10.63
1786	-11.84
1787	-12.62
1788	-12.49
1789	-12.14
1790	-12.06
1791	-12.28
1792	-12.17
1793	-12.19
1794	-11.58
1795	-11.3
1796	-12.08
1797	-12.39
1798	-11.92
1799	-12.16
1800	-12.12
1801	-12.22
1802	-12.34
1803	-12.1
1804	-11.97
1805	-11.98
1806	-11.99
1807	-11.855
1808	-11.72
1809	-10.83
1810	-10.76
1811	-10.65
1812	-10.72
1813	-10.56
1814	-10.72
1815	-10.93
1816	-10.8
1817	-10.86
1818	-10.88
1819	-11.05
1820	-11.13
1821	-11.24
1822	-11.29
1823	-11.31
1824	-11.38
1825	-11.49
1826	-11.36
1827	-11.21
1828	-11.36
1829	-11.41
1830	-11.54
1831	-11.16
1832	-11
1833	-10.97
1834	-10.79
1835	-10.87
1836	-10.87
1837	-10.98
1838	-10.51
1839	-9.84
1840	-9.59
1841	-9.76
1842	-9.06
1843	-9.07
1844	-8.89
1845	-7.83
1846	-8.72
1847	-8.8
1848	-9.03
1849	-9.3
1850	-9.27
1851	-9.05
1852	-9.67
1853	-10.09
1854	-10.44
1855	-10.19
1856	-10.22
1857	-10.1
1858	-10.05
1859	-9.73
1860	-9.63
1861	-9.84
1862	-9.87
1863	-9.9
1864	-10
1865	-10.12
1866	-8.13
1867	-6.9
1868	-3.67
1869	6.3
1870	5.75
1871	5.48
1872	6.33
1873	5.27
1874	5.28
1875	5.165
1876	5.05
1877	5.02
1878	5.27
1879	5.52
1880	6.24
1881	6.09
1882	6.278
1883	6.466
1884	6.654
1885	6.842
1886	7.03
1887	1.55
1888	0.87
1889	0.54
1890	5.65
1891	3.33
1892	-3.25
1893	-3.07
1894	-2.89
1895	-2.71
1896	-1.97
1897	-1.46
1898	-1.385
1899	-1.31
1900	-1.235
1901	-1.16
1902	-1.085
1903	-1.01
1904	-0.53
1905	0.2
1906	-0.44
1907	0.14
1908	-3.085
1909	-6.31
1910	-1.42
1911	-1.45
1912	-1.48
1913	-1.51
1914	-1.57
1915	4.36
1916	-7.19
1917	-8.31
1918	-7.95
1919	-8.04
1920	-8.13
1921	-8.22
1922	-9.35
1923	-9.14
1924	-7
1925	5.19
1926	9.14
1927	9.1
1928	9.5
1929	9.585
1930	9.67
1931	10.01
1932	10.33
1933	10.67
1934	10.63
1935	10.35
1936	10.33
1937	10.22
1938	9.87
1939	9.7
1940	10.36
1941	10.12
1942	9.87
1943	9.53
1944	9.41
1945	9.32
1946	8.93
1947	9.09
1948	9.25
1949	8.34
1950	9.08
1951	9.72
1952	8.43
1953	6.14
1954	7.03
1955	7.92
1956	7.89
1957	7.17
1958	7.22
1959	8.49
1960	8.36
1961	8.72
1962	9.22
1963	9.25
1964	9.06
1965	9.27
1966	9.21
1967	9.37
1968	9.27
1969	9.17
1970	9.07
1971	9.15
1972	9.13
1973	9.28
1974	9.55
1975	9.57
1976	9.58
1977	9.52
1978	9.59
1979	9.66
1980	9.73
1981	9.8
1982	9.93
1983	9.856
1984	9.782
1985	9.708
1986	9.634
1987	9.56
1988	9.56
1989	9.76
1990	9.76
1991	9.73
1992	9.75
1993	9.8
1994	9.78
1995	9.73
1996	9.65
1997	9.62
1998	9.495
1999	9.37
2000	9.59
2001	9.58
2002	9.72
2003	9.56
2004	9.47
2005	9.69
2006	9.73
2007	9.67
2008	9.61
2009	9.66
2010	9.27
2011	9.27
2012	9.27
2013	9.52
2014	9.63
2015	9.518
2016	9.406
2017	9.294
2018	9.182
2019	9.07
2020	9.46
2021	9.21
2022	9.27
2023	9.23
2024	9.07
2025	8.97
2026	9.26
2027	9.04
2028	8.93
2029	8.9
2030	8.83
2031	8.98
2032	9
2033	9.02
2034	9.04
2035	9.06
2036	9.08
2037	9.1
2038	8.84
2039	8.94
2040	8.86
2041	8.97
2042	8.88
2043	8.92
2044	8.82
2045	8.84
2046	8.81
2047	8.78
2048	8.76
2049	8.82
2050	8.83
2051	8.82
2052	8.8
2053	8.82
2054	8.81
2055	8.7
2056	8.67
2057	8.59
2058	8.6
2059	8.64
2060	8.65
2061	8.73
2062	8.93
2063	8.86
2064	8.86
2065	8.93
2066	9.05
2067	9.46
2068	9.03
2069	8.71
2070	8.68
2071	8.69
2072	8.7
2073	8.7
2074	8.77
2075	8.78
2076	8.8
2077	8.79
2078	8.82
2079	8.77
2080	8.72
2081	8.73
2082	8.73
2083	8.92
2084	8.94
2085	8.93
2086	9
2087	9.09
2088	8.89
2089	8.97
2090	9.08
2091	9.08
2092	8.98
2093	8.81
2094	8.62
2095	8.86
2096	8.89
2097	8.91
2098	8.75
2099	8.69
2100	8.69
2101	8.53
2102	8.48
2103	8.47
2104	8.28
2105	8.13
2106	8.26
2107	8.55
2108	8.7
2109	8.64
2110	8.58
2111	8.25
2112	7.75
2113	7.68
2114	7.67
2115	7.59
2116	7.56
2117	7.62
2118	7.71
2119	7.83
2120	7.7
2121	7.47
2122	7.38
2123	7.44
2124	7.74
2125	7.76
2126	7.41
2127	7.31
2128	7.23
2129	7.06
2130	6.34
2131	5.36
2132	6.66
2133	7.96
2134	8.06
2135	8.18
2136	8.21
2137	8.37
2138	8.17
2139	8.11
2140	8.06
2141	8.13
2142	8.26
2143	8.24
2144	8.04
2145	7.46
2146	7.21
2147	7.43
2148	7.21
2149	7.56
2150	7.6
2151	7.37
2152	7.14
2153	7.25
2154	6.7
2155	6.62
2156	6.75
2157	6.88
2158	6.84
2159	6.175
2160	5.51
2161	5.26
2162	-0.53
2163	-1.05
2164	-0.82
2165	-0.21
2166	0.4
2167	1.01
2168	1.9
2169	2.41
2170	2.576
2171	2.742
2172	2.908
2173	3.074
2174	3.24
2175	3.24
2176	3.13
2177	3.01
2178	1.37
2179	0.27
2180	0.16
2181	0.65
2182	0.19
2183	-0.08
2184	1.01
2185	1
2186	-0.46
2187	-0.56
2188	-1.26
2189	-1.77
2190	-1.25
2191	-0.73
2192	-0.21
2193	0.31
2194	0.83
2195	0.48
2196	0.27
2197	-0.1225
2198	-0.515
2199	-0.9075
2200	-1.3
2201	-1.29
2202	-1.48
2203	-1.67
2204	-1.86
2205	-2.05
2206	-2.64
2207	-1.53
2208	-4.34
2209	-4.82
2210	-4.44
2211	-2.38
2212	-0.32
2213	-1.89
2214	-0.83
2215	-1.29
2216	-1.215
2217	-1.14
2218	-1.36
2219	-0.43
2220	-0.07
2221	0.17
2222	0.02
2223	0.79
2224	0.996666667
2225	1.203333333
2226	1.41
2227	2.8
2228	2.46
2229	2.187777778
2230	1.915555556
2231	1.643333333
2232	1.371111111
2233	1.098888889
2234	0.826666667
2235	0.554444444
2236	0.282222222
2237	0.01
2238	1.19
2239	1.41
2240	0.715
2241	0.02
2242	0.75
2243	0.06
2244	-0.06
2245	-3.17
2246	-3.66
2247	-3.79
2248	-3.43
2249	-3.64
2250	-3.78
2251	-2.703333333
2252	-1.626666667
2253	-0.55
2254	-1.53
2255	-1.6625
2256	-1.795
2257	-1.9275
2258	-2.06
2259	-2.2
2260	-2.47
2261	-2.18
2262	-2.08
2263	-3.23
2264	-2.89
2265	-2.94
2266	-1.05
2267	-1.17
2268	-1.29
2269	-1.65
2270	-1.4
2271	-1.23
2272	-1.26
2273	-1.41
2274	-1.53
2275	-1.52
2276	-1.3
2277	-0.74
2278	-0.9
2279	-2.02
2280	-2.41
2281	-3.47
2282	-3.59
2283	-3.45
2284	-3.29
2285	-2.34
2286	-2.19
2287	-2.12
2288	-1.8
2289	-2.04
2290	-1.28
2291	-1.38
2292	-1.133333333
2293	-0.886666667
2294	-0.64
2295	-1.05
2296	-0.811428571
2297	-0.572857143
2298	-0.334285714
2299	-0.095714286
2300	0.142857143
2301	0.381428571
2302	0.62
2303	-0.45
2304	-0.85
2305	-0.74
2306	-0.265
2307	0.21
2308	-0.94
2309	-1.14
2310	-2.81
2311	-3.72
2312	-5.23
2313	-2.59
2314	-3.99
2315	-4.42
2316	-4.23
2317	-4.37
2318	-4.42
2319	-4.47
2320	-4.52
2321	-4.57
2322	-4.62
2323	-4.15
2324	-4.065
2325	-3.98
2326	-3.895
2327	-3.81
2328	-4.06
2329	-4.18
2330	-4.3
2331	-4.42
2332	-4.41
2333	-4.38
2334	-4.8
2335	-5.22
2336	-5.22
2337	-5.04
2338	-5.36
2339	-4.47
2340	-4.51
2341	-4.52
2342	-4.44
2343	-4.36
2344	-4.12
2345	-3.98
2346	-4.28
2347	-4.58
2348	-4.39
2349	-4.57
2350	-5.173333333
2351	-5.776666667
2352	-6.38
2353	-5.93
2354	-5.785
2355	-5.64
2356	-4.86
2357	-5.2
2358	-5.34
2359	-4.85
2360	-4.81
2361	-4.09
2362	-4.34
2363	-4.33
2364	-4.28
2365	-4.43
2366	-4.77
2367	-4.876666667
2368	-4.983333333
2369	-5.09
2370	-5.17
2371	-5.52
2372	-5.39
2373	-5.36
2374	-5.4
2375	-5.34
2376	-5.23
2377	-5.29
2378	-5.34
2379	-5.42
2380	-5.34
2381	-5.53
2382	-5.36
2383	-5.23
2384	-5.4
2385	-5.54
2386	-5.39
2387	-5.515
2388	-5.64
2389	-5.99
2390	-5.75
2391	-5.89
2392	-5.8
2393	-5.58
2394	-5.44
2395	-5.45
2396	-4.16
2397	-4.78
2398	-5.65
2399	-5.67
2400	-5.4
2401	-4.773333333
2402	-4.146666667
2403	-3.52
2404	-2.27
2405	-1.78
2406	-3.88
2407	-5.84
2408	-5.2
2409	-4.67
2410	-4.72
2411	-4.86
2412	-4.61
2413	-4.52
2414	-4.43
2415	-2.4
2416	-1.31
2417	-1.25
2418	-2.38
2419	-3.35
2420	-4.11
2421	-4.39
2422	-4.76
2423	-5.33
2424	-6.67
2425	-6.74
2426	-6.71
2427	-6.86
2428	-6.79
2429	-6.71
2430	-6.63
2431	-6.63
2432	-6.68
2433	-6.72
2434	-6.53
2435	-6.57
2436	-6.59
2437	-6.69
2438	-6.61
2439	-6.3
2440	-6.46
2441	-6.59
2442	-6.65
2443	-6.91
2444	-7.09
2445	-6.94
2446	-7.12
2447	-7.37
2448	-7.42
2449	-7.41
2450	-7.38
2451	-7.1
2452	-6.99
2453	-7.02
2454	-6.23
2455	-5.28
2456	-4.95
2457	-4.92
2458	-4.75
2459	-5.01
2460	-5.36
2461	-5.71
2462	-5.83
2463	-5.89
2464	-5.7
2465	-5.81
2466	-5.92
2467	-5.92
2468	-5.88
2469	-5.81
2470	-5.8
2471	-5.76
2472	-5.65
2473	-5.81
2474	-5.75
2475	-5.72
2476	-5.77
2477	-5.73
2478	-5.54
2479	-5.42
2480	-5.29
2481	-5.42
2482	-5.34
2483	-5.13
2484	-4.95
2485	-4.95
2486	-4.81
2487	-4.77
2488	-5.02
2489	-4.96
2490	-4.87
2491	-4.66
2492	-4.92
2493	-5.15
2494	-5.04
2495	-4.91
2496	-4.83
2497	-4.11
2498	-4.49
2499	-4.42
2500	-4.87
2501	-4.17
2502	-4.42
2503	-4.09
2504	-4.41
2505	-5.72
2506	-5.75
2507	-6.62
2508	-7.03
2509	-7.02
2510	-6.92
2511	-6.73
2512	-6.53
2513	-6.55
2514	-6.42
2515	-6.38
2516	-6.21
2517	-6.02
2518	-6.04
2519	-5.71
2520	-5.76
2521	-4.47
2522	-4.41
2523	-4.32
2524	-3.75
2525	-3.54
2526	-3.29
2527	-3.36
2528	-2.97
2529	-2.94
2530	-2.76
2531	-3.2
2532	-3.75
2533	-3.15
2534	-5.06
2535	-4.58
2536	-4.93
2537	-4.81
2538	-4.56
2539	-4.65
2540	-4.23
2541	-2.74
2542	-2.53
2543	-2.67
2544	-2.86
2545	-2.96
2546	-2.74
2547	-2.86
2548	-2.855
2549	-2.85
2550	-3
2551	-2.44
2552	-2.492
2553	-2.544
2554	-2.596
2555	-2.648
2556	-2.7
2557	-2.57
2558	-2.19
2559	-2.23
2560	-1.59
2561	-1.77
2562	-2.89
2563	-2.63
2564	-2.01
2565	-2.33
2566	-2.6
2567	-2.76
2568	-2.93
2569	-2.92
2570	-3.02
2571	-2.61
2572	-2.15
2573	-2.73
2574	-2.92
2575	-3.15
2576	-3.44
2577	-3.6
2578	-3.81
2579	-3.91
2580	-3.38
2581	-3.71
2582	-3.73
2583	-4.2
2584	-3.83
2585	-3.93
2586	-3.92
2587	-3.46
2588	-3.71
2589	-3.6
2590	-3.69
2591	-4.87
2592	-2.76
2593	-1.61
2594	-2.4
2595	-1.69
2596	-1.95
2597	-1.44
2598	-2.15
2599	-2.56
2600	-2.95
2601	-2.45
2602	-2.76
2603	-2.83
2604	-2.16
2605	-1.77
2606	-2.22
2607	-2.3325
2608	-2.445
2609	-2.5575
2610	-2.67
2611	-1.83
2612	-1.09
2613	-0.95
2614	-1.32
2615	-1.1725
2616	-1.025
2617	-0.8775
2618	-0.73
2619	-1.09
2620	-0.95
2621	-1.04
2622	-0.59
2623	-0.43
2624	-0.27
2625	0.23
2626	0.87
2627	1.24
2628	1.21
2629	2.66
2630	2.49
2631	2.74
2632	2.86
2633	3.14
2634	0.58
2635	-1.94
2636	-1.73
2637	-1.17
2638	0.17
2639	1.07
2640	2.58
2641	2.41
2642	2.52
2643	2.91
2644	0.21
2645	-2.42
2646	-1.245
2647	-0.07
2648	0.95
2649	1.56
2650	1.63
2651	0.77
2652	0.82
2653	0.81
2654	0.65
2655	0.82
2656	0.88
2657	1.61
2658	1.8
2659	1.79
2660	1.495
2661	1.2
2662	0.69
2663	0.88
2664	0.81
2665	1.54
2666	1.3775
2667	1.215
2668	1.0525
2669	0.89
2670	0.99
2671	1.01
2672	0.76
2673	0.51
2674	0.57
2675	0.6525
2676	0.735
2677	0.8175
2678	0.9
2679	0.84
2680	0.816666667
2681	0.793333333
2682	0.77
2683	0.67
2684	0.74
2685	0.85
2686	1.03
2687	0.58
2688	0.46
2689	0.41
2690	0.85
2691	1.02
2692	0.76
2693	0.78
2694	1.03
2695	0.89
2696	1.01
2697	0.88
2698	1.05
2699	1.16
2700	1.22
2701	1.53
2702	1.6
2703	1.37
2704	1.22
2705	1.25
2706	1.28
2707	1.34
2708	1.51
2709	1.42
2710	0.73
2711	0.87
2712	0.86
2713	1.31
2714	1.45
2715	1.21
2716	0.61
2717	0.25
2718	0.19
2719	0.46
2720	0.73
2721	0.44
2722	1.14
2723	1.65
2724	1.66
2725	1.5
2726	1.56
2727	1.99
2728	1.63
2729	1.46
2730	1.51
2731	1.56
2732	1.69
2733	1.605
2734	1.52
2735	2.33
2736	2.11
2737	2.06
2738	2.16
2739	2.1
2740	1.95
2741	1.835
2742	1.72
2743	1.16
2744	0.94
2745	0.18
2746	-0.49
2747	-0.49
2748	0.08
2749	0.13
2750	-0.31
2751	-0.56
2752	-0.08
2753	0.88
2754	0.14
2755	-0.05
2756	0.44
2757	0.39
2758	0.25
2759	0.71
2760	0.1
2761	0.16
2762	0.91
2763	0.7
2764	-0.03
2765	-0.25
2766	-0.98
2767	-1.25
2768	-1.36
2769	-1.38
2770	-1.09
2771	-0.8
2772	-1
2773	-1.16
2774	-1.13
2775	-1.17
2776	-1.18
2777	-0.78
2778	0.1
2779	-0.18
2780	-0.48
2781	0.9
2782	0.02
2783	-1.02
2784	-0.19
2785	-0.68
2786	-0.73
2787	-0.73
2788	-0.72
2789	-0.88
2790	-1.47
2791	-1.8
2792	-2.04
2793	-2.31
2794	-2.07
2795	-2.02
2796	-1.91
2797	-1.8
2798	-1.69
2799	-1.58
2800	-2.12
2801	-1.96
2802	-1.96
2803	-2.44
2804	-1.55
2805	0.53
2806	0.08
2807	-0.63
2808	-0.55
2809	-0.88
2810	-1.43
2811	-1.41
2812	-1.29
2813	-1.86
2814	-2.54
2815	-2.57
2816	-2.87
2817	-2.49
2818	-2.59
2819	-2.5
2820	-2.04
2821	-2.1
2822	-1.83
2823	-1.41
2824	-1.48
2825	-1.38
2826	-1.03
2827	-1.32
2828	-1.12
2829	-1.72
2830	-3.42
2831	-0.83
2832	0.88
2833	-0.58
2834	0.75
2835	0.89
2836	1.21
2837	-0.34
2838	-1.27
2839	-0.82
2840	-0.47
2841	-0.32
2842	-0.17
2843	-0.08
2844	0.25
2845	0.58
2846	0.96
2847	0.74
2848	0.62
2849	0.12
2850	-0.33
2851	-0.53
2852	-0.49
2853	-0.61
2854	-0.36
2855	-1.91
2856	-1.947777778
2857	-1.985555556
2858	-2.023333333
2859	-2.061111111
2860	-2.098888889
2861	-2.136666667
2862	-2.174444444
2863	-2.212222222
2864	-2.25
2865	-2.47
2866	-2.67
2867	-2.9
2868	-2.21
2869	0.74
2870	0.85
2871	0.945
2872	1.04
2873	1
2874	1.42
2875	1.53
2876	1.65
2877	1.44
2878	1.83
2879	2.56
2880	2.8275
2881	3.095
2882	3.3625
2883	3.63
2884	3.72
2885	3.88
2886	3.99
2887	3.93
2888	3.9
2889	3.92
2890	3.85
2891	3.93
2892	3.86
2893	3.81
2894	3.7
2895	3.54
2896	3.27
2897	3.22
2898	2.83
2899	2.96
2900	2.87
2901	2.78
2902	2.77
2903	2.83
2904	2.84
2905	2.9
2906	2.68
2907	2.66
2908	2.39
2909	2.41
2910	2.31
2911	2
2912	1.6
2913	1.43
2914	1.28
2915	0.9
2916	0.96
2917	1.02
2918	-0.61
2919	-1.06
2920	-0.475
2921	0.11
2922	0.08
2923	0.18
2924	0.4
2925	1.2
2926	2.02
2927	2.48
2928	2.38
2929	2.67
2930	2.75
2931	1.96
2932	0.55
2933	1.46
2934	1.43
2935	0.72
2936	0.74
2937	0.36
2938	-0.02
2939	-0.22
2940	0.75
2941	1.21
2942	0.83
2943	0.76
2944	1.07
2945	0.82
2946	0.22
2947	-0.02
2948	-0.38
2949	-0.66
2950	-0.72
2951	-1.08
2952	-1.3
2953	-1.19
2954	-1.34
2955	-0.996666667
2956	-0.653333333
2957	-0.31
2958	0.56
2959	0.29
2960	0.665
2961	1.04
2962	-1.11
2963	-0.19
2964	-0.515
2965	-0.84
2966	-1.3
2967	-1.29
2968	-1.13
2969	-0.88
2970	-0.44
2971	-0.15
2972	-0.01
2973	-0.64
2974	-0.12
2975	0.36
2976	1.11
2977	0.645
2978	0.18
2979	-0.285
2980	-0.75
2981	-0.78
2982	-1.07
2983	-0.88
2984	-0.08
2985	0.77
2986	1.71
2987	1.55
2988	0.99
2989	1.3
2990	1.6
2991	1.94
2992	2.24
2993	2.25
2994	2.38
2995	2.03
2996	2.6
2997	2.63
2998	1.57
2999	0.49
3000	2.63
3001	1.71
3002	0.97
3003	0.966666667
3004	0.963333333
3005	0.96
3006	1.33
3007	1.81
3008	2.02
3009	1.87
3010	2.08
3011	2.25
3012	2.41
3013	2.08
3014	2.47
3015	2.62
3016	1.63
3017	1
3018	-0.53
3019	-1.32
3020	-0.11
3021	-0.286666667
3022	-0.463333333
3023	-0.64
3024	0.58
3025	1
3026	1.37
3027	1.75
3028	2.22
3029	1.64
3030	0.9
3031	0.88
3032	3.19
3033	3.13
3034	2.27
3035	2.26
3036	2.39
3037	2.51
3038	2.62
3039	2.72
3040	2.645
3041	2.57
3042	2.2
3043	1.49
3044	1.23
3045	1.47
3046	1.52
3047	1.76
3048	0.35
3049	-0.59
3050	0.3
3051	1.4
3052	1.1
3053	2.21
3054	2.105
3055	2
3056	2.2
3057	1.56
3058	0.9
3059	0.47
3060	0.02
3061	0.01
3062	1.52
3063	2.02
3064	2.52
3065	3.02
3066	1.47
3067	1.35
3068	1.69
3069	3.12
3070	3.335
3071	3.55
3072	3.73
3073	2.83
3074	3.16
3075	3.49
3076	3.533333333
3077	3.576666667
3078	3.62
3079	3.663333333
3080	3.706666667
3081	3.75
3082	2.81
3083	2.59
3084	2.676666667
3085	2.763333333
3086	2.85
3087	2.79
3088	2.95
3089	2.46
3090	2.285
3091	2.11
3092	2.48
3093	1.88
3094	1.73
3095	1.71
3096	1.68
3097	1.65
3098	1.44
3099	1.08
3100	1.27
3101	0.86
3102	1.77
3103	1.95
3104	1.33
3105	1.11
3106	0.973333333
3107	0.836666667
3108	0.7
3109	0.63
3110	0.654117647
3111	0.678235294
3112	0.702352941
3113	0.726470588
3114	0.750588235
3115	0.774705882
3116	0.798823529
3117	0.822941176
3118	0.847058824
3119	0.871176471
3120	0.895294118
3121	0.919411765
3122	0.943529412
3123	0.967647059
3124	0.991764706
3125	1.015882353
3126	1.04
3127	0.97
3128	0.941428571
3129	0.912857143
3130	0.884285714
3131	0.855714286
3132	0.827142857
3133	0.798571429
3134	0.77
3135	1.21
3136	0.94
3137	1.06
3138	1.18
3139	1.14
3140	1.21
3141	1.11
3142	1.15
3143	1.19
3144	1.23
3145	1.27
3146	1.31
3147	1.35
3148	1.39
3149	1.06
3150	0.37
3151	-0.53
3152	0.74
3153	0.25
3154	-0.17
3155	0.08
3156	0.4
3157	1.12
3158	1.6225
3159	2.125
3160	2.6275
3161	3.13
3162	3.24
3163	2.64
3164	1.75
3165	1.66
3166	1.565
3167	1.47
3168	1.44
3169	1.03
3170	0.56
3171	3.3
3172	3.11
3173	2.55
3174	2.27
3175	2.03
3176	1.89
3177	1.43
3178	0.95
3179	0.65
3180	0.35
3181	0.05
3182	-0.25
3183	-0.55
3184	-0.85
3185	-1.77
3186	-0.65
3187	0.47
3188	-0.3
3189	-1.1
3190	0.31
3191	1.89
3192	2.13
3193	2.5
3194	2.335
3195	2.17
3196	2.33
3197	1.95
3198	2.41
3199	2.7
3200	2.45
3201	1.88
3202	1.55
3203	1.4
3204	2.59
3205	2.54
3206	2.52
3207	2.26
3208	1.65
3209	1.51
3210	1.17
3211	0.62
3212	0.9175
3213	1.215
3214	1.5125
3215	1.81
3216	1.88
3217	1.851666667
3218	1.823333333
3219	1.795
3220	1.766666667
3221	1.738333333
3222	1.71
3223	1.52
3224	1.46
3225	1.36
3226	1.38
3227	0.93
3228	0.964
3229	0.998
3230	1.032
3231	1.066
3232	1.1
3233	0.99
3234	0.7
3235	0.66
3236	0.56
3237	0.46
3238	0.36
3239	0.33
3240	0.8
3241	0.66
3242	0.466666667
3243	0.273333333
3244	0.08
3245	0.04
3246	1.95
3247	2.32
3248	2.19
3249	1.3
3250	0.69
3251	1.03
3252	1.3
3253	1.34
3254	1.04
3255	0.62
3256	0.62
3257	1.22
3258	1.61
3259	1.27
3260	1.05
3261	1.228888889
3262	1.407777778
3263	1.586666667
3264	1.765555556
3265	1.944444444
3266	2.123333333
3267	2.302222222
3268	2.481111111
3269	2.66
3270	2.27
3271	2.47
3272	2.48
3273	2.206666667
3274	1.933333333
3275	1.66
3276	1.78
3277	1.9
3278	0.76
3279	0.62
3280	1.235
3281	1.85
3282	2.465
3283	3.08
3284	2.24
3285	1.94
3286	2.39
3287	2.32
3288	2.3
3289	2.34
3290	2.94
3291	2.996666667
3292	3.053333333
3293	3.11
3294	3.02
3295	2.76
3296	2.24
3297	2.01
3298	2.161666667
3299	2.313333333
3300	2.465
3301	2.616666667
3302	2.768333333
3303	2.92
3304	2.99
3305	3.1
3306	3.04
3307	2.92
3308	2.91
3309	2.82
3310	2.39
3311	2.83
3312	2.77
3313	2.93
3314	3.01
3315	2.98
3316	2.96
3317	2.97
3318	2.9
3319	2.83
3320	2.58
3321	2.42
3322	2.33
3323	2.25
3324	2.02
3325	1.91
3326	1.88
3327	1.58
3328	2.1
3329	2.08
3330	1.04
3331	0.67
3332	0.333333333
3333	-0.003333333
3334	-0.34
3335	0.23
3336	0.55
3337	0.34
3338	0.5
3339	0.66
3340	0.51
3341	0.45
3342	0.39
3343	0.28
3344	-0.74
3345	-0.74
3346	-0.74
3347	-0.74
3348	-0.74
3349	-0.74
3350	-0.74
3351	0.53
3352	0.05
3353	0.42
3354	0.43
3355	0.53
3356	0.47
3357	0.435
3358	0.4
3359	0.78
3360	0.45
3361	0.72
3362	0.27
3363	-0.19
3364	0.15
3365	0.33
3366	0.18
3367	0.03
3368	0.03
3369	0.7
3370	0.81
3371	0.62
3372	0.67
3373	1.19
3374	1.07
3375	1
3376	0.84
3377	0.59
3378	2.36
3379	3.12
3380	3.175
3381	3.23
3382	3.18
3383	3.3
3384	2.87
3385	2.81
3386	2.89
3387	2.8
3388	3.035
3389	3.27
3390	3.11
3391	2.55
3392	1.6
3393	1.67
3394	1.93
3395	2.19
3396	2.12
3397	2.4
3398	2.42
3399	2.44
3400	2.46
3401	2.48
3402	2.06
3403	2.95
3404	2.97
3405	2.83
3406	3.1
3407	3.03
3408	3.07
3409	1.83
3410	1.16
3411	1.09
3412	0.955
3413	0.82
3414	0.8
3415	1.09
3416	1.27
3417	0.883333333
3418	0.496666667
3419	0.11
3420	-0.8
3421	-0.6
3422	-0.59
3423	-0.69
3424	-0.3
3425	-0.34
3426	0.13
3427	0.35
3428	0.41
3429	-0.01
3430	0.09
3431	0.46
3432	0.455
3433	0.45
3434	0.445
3435	0.44
3436	0.48
3437	0.46
3438	0.95
3439	0.95
3440	0.98
3441	0.84
3442	0.94
3443	0.99
3444	0.92
3445	0.85
3446	0.64
3447	0.11
3448	-0.34
3449	-0.43
3450	-0.06
3451	0.31
3452	0.68
3453	0.2
3454	-0.27
3455	-0.46
3456	-0.41
3457	-0.51
3458	-0.41
3459	-0.16
3460	0.41
3461	0.55
3462	0.423333333
3463	0.296666667
3464	0.17
3465	0.18
3466	0.48
3467	0.43
3468	0.41
3469	0.31
3470	0.83
3471	0.59
3472	0.62
3473	0.46
3474	0.16
3475	1.49
3476	1.29
3477	1.45
3478	1.91
3479	1.9
3480	1.57
3481	1.28
3482	1.44
3483	1.56
3484	1
3485	1.39
3486	1.76
3487	1.67
3488	1.64
3489	2.15
3490	2.21
3491	2.21
3492	2.116
3493	2.022
3494	1.928
3495	1.834
3496	1.74
3497	1.7
3498	1.52
3499	1.59
3500	1.71
3501	1.71
3502	1.57
3503	1.23
3504	1.46
3505	1.4
3506	1.295
3507	1.19
3508	0.5
3509	0.98
3510	1.56
3511	1.366666667
3512	1.173333333
3513	0.98
3514	0.7
3515	1
3516	1.2
3517	1.43
3518	1.22
3519	1.16
3520	1.3275
3521	1.495
3522	1.6625
3523	1.83
3524	1.88
3525	1.9
3526	2.13
3527	2.33
3528	1.99
3529	2.01
3530	1.88
3531	1.9025
3532	1.925
3533	1.9475
3534	1.97
3535	1.84
3536	2.25
3537	1.69
3538	1.94
3539	1.96
3540	1.49
3541	1.26
3542	0.81
3543	1.31
3544	1.485
3545	1.66
3546	1.73
3547	1.04
3548	0.775
3549	0.51
3550	0.43
3551	0.73
3552	1.21
3553	1.74
3554	1.64
3555	1.06
3556	0.79
3557	-0.03
3558	-0.18
3559	-0.44
3560	-0.25
3561	-0.08
3562	-0.77
3563	-0.33
3564	-0.26
3565	0.21
3566	1.84
3567	2.38
3568	2.6
3569	2.46
3570	2.356666667
3571	2.253333333
3572	2.15
3573	2.2
3574	2.18
3575	2.145
3576	2.11
3577	2.23
3578	2.32
3579	2.19
3580	2.1
3581	2.155
3582	2.21
3583	2.11
3584	1.955
3585	1.8
3586	1.645
3587	1.49
3588	1.84
3589	1.75
3590	1.66
3591	1.57
3592	1.48
3593	1.39
3594	1.37
3595	1.79
3596	1.23
3597	1.18
3598	1.13
3599	1.11
3600	1.1
3601	0.756666667
3602	0.413333333
3603	0.07
3604	-0.13
3605	-0.64
3606	0.04
3607	0.42
3608	-0.06
3609	-0.45
3610	-0.78
3611	-0.65
3612	-0.69
3613	-0.65
3614	0.1
3615	0.28
3616	0.62
3617	-0.14
3618	0.045
3619	0.23
3620	-0.15
3621	-0.03
3622	0.09
3623	0.19
3624	0.17
3625	0.15
3626	0.13
3627	-0.21
3628	-0.166
3629	-0.122
3630	-0.078
3631	-0.034
3632	0.01
3633	0.43
3634	0.39
3635	0.4
3636	0.35
3637	0.65
3638	0.61
3639	1.31
3640	1.12
3641	1.17
3642	1.53
3643	1.62
3644	1.255
3645	0.89
3646	0.64
3647	1.02
3648	1.08
3649	1.14
3650	1.02
3651	0.7
3652	0.54
3653	0.65
3654	0.74
3655	1.09
3656	1.08
3657	0.95
3658	1.21
3659	0.73
3660	0.36
3661	0.62
3662	0.72
3663	0.74
3664	0.49
3665	0.56
3666	0.63
3667	1.08
3668	0.96
3669	1.05
3670	0.72
3671	1.01
3672	0.53
3673	0.54
3674	0.538571429
3675	0.537142857
3676	0.535714286
3677	0.534285714
3678	0.532857143
3679	0.531428571
3680	0.53
3681	-0.13
3682	0.225
3683	0.58
3684	0.91
3685	1.025
3686	1.14
3687	0.49
3688	0.65
3689	0.81
3690	-0.16
3691	-0.97
3692	-1.12
3693	0.43
3694	-0.82
3695	0.33
3696	1.16
3697	-2.67
3698	-2.458
3699	-2.246
3700	-2.034
3701	-1.822
3702	-1.61
3703	-1.14
3704	-2.7
3705	-2.74
3706	-2.68
3707	-3.36
3708	-3.425
3709	-3.49
3710	-1.47
3711	-0.973333333
3712	-0.476666667
3713	0.02
3714	0.5
3715	0.58
3716	0.59
3717	0.6
3718	-3.08
3719	-3.54
3720	-2.48
3721	-4.8
3722	-3.915
3723	-3.03
3724	-3.32
3725	-2.78
3726	-1.41
3727	1.24
3728	1.22
3729	3.03
3730	-0.5
3731	-1.58
3732	-0.56
3733	-1.87
3734	-0.666666667
3735	0.536666667
3736	1.74
3737	3.1
3738	2.16
3739	4.03
3740	2.04
3741	0.57
3742	0.74
3743	0.91
3744	1.08
3745	1.25
3746	1.42
3747	2.04
3748	-2.16
3749	2.77
3750	1.88
3751	2.84
3752	3.18
3753	0.63
3754	3.21
3755	3.6
3756	-2.46
3757	-4.94
3758	-4.24
3759	-2.27
3760	-3.38
3761	-1.59
3762	-1.24
3763	0.1
3764	-0.52
3765	-0.55
3766	-0.14
3767	0.11
3768	-0.22
3769	-1.5
3770	-2
3771	-1.15
3772	-0.8
3773	0.51
3774	-0.82
3775	-2.15
3776	-2.71
3777	-2.45
3778	-1.57
3779	-0.69
3780	0.19
3781	-2.43
3782	-2.59
3783	-0.41
3784	-2.63
3785	-3.58
3786	-3.24
3787	-2.9
3788	-2.03
3789	-2.85
3790	-2.73
3791	-2.32
3792	-2.26
3793	-2.2
3794	-2.16
3795	-2.29
3796	-2.42
3797	-1.57
3798	-0.36
3799	0.71
3800	0.14
3801	-2.05
3802	-2.64
3803	-3.15
3804	-3.57
3805	-3.2
3806	-1.95
3807	-0.66
3808	-2.3
3809	-3.08
3810	-0.79
3811	-0.71
3812	-0.78
3813	-1.23
3814	-3.18
3815	-2.57
3816	-4.6
3817	-2.34
3818	-1.72
3819	-0.18
3820	0.02
3821	-0.11
3822	1.07
3823	1.76
3824	1.82
3825	-2.1
3826	-3.4
3827	-4.31
3828	-4.46
3829	-4.44
3830	-4.11
3831	-4.23
3832	-4.03
3833	-3.85
3834	-3.75
3835	-3.46
3836	-3.08
3837	-3.11
3838	-3.14
3839	-2.85
3840	-2.83
3841	-2.92
3842	-0.76
3843	-0.88
3844	0.15
3845	1.23
3846	-0.01
3847	-2.34
3848	-3.9
3849	-4.27
3850	-4.47
3851	-3.96
3852	-3.67
3853	-3.81
3854	-2.69
3855	-2.16
3856	-3.14
3857	-3.11
3858	-3.29
3859	-2.85
3860	-1.61
3861	-1.92
3862	-1.21
3863	-0.55
3864	-0.32
3865	-0.51
3866	0.02
3867	0.08
3868	-0.43
3869	-0.55
3870	-0.07
3871	0.02
3872	0.41
3873	0.55
3874	1.22
3875	1.67
3876	-2.03
3877	-2.01
3878	-0.72
3879	0.57
3880	1.1
3881	1.31
3882	-1.44
3883	-1.31
3884	-1.25
3885	-3.5
3886	-3.94
3887	-3.07
3888	-3.12
3889	-1.87
3890	-1.33
3891	-1.58
3892	-1.76
3893	-1.98
3894	-1.47
3895	-0.64
3896	-0.28
3897	-0.2
3898	-0.505
3899	-0.81
3900	-0.88
3901	-1.71
3902	-2.23
3903	-2.47
3904	-2.99
3905	-2.3
3906	-2.98
3907	-2.92
3908	-2.27
3909	0.36
3910	-1.13
3911	-2.32
3912	-4.1
3913	-4.3
3914	-4.14
3915	-4.1
3916	-4
3917	-3.85
3918	-3.9
3919	-4.37
3920	-4.15
3921	-4.08
3922	-3.87
3923	-3.77
3924	-3.85
3925	-3.76
3926	-3.8
3927	-3.766666667
3928	-3.733333333
3929	-3.7
3930	-3.81
3931	-3.65
3932	-3.8
3933	-3.9
3934	-3.73
3935	-3.67
3936	-3.09
3937	-2.696
3938	-2.302
3939	-1.908
3940	-1.514
3941	-1.12
3942	-1.29
3943	-1.15
3944	-1.22
3945	-1.15
3946	-0.705
3947	-0.26
3948	-0.02
3949	0.58
3950	1.04
3951	0.43
3952	-0.37
3953	-1.17
3954	-1.97
3955	-2.01
3956	-2.04
3957	-1.91
3958	-1.9
3959	-1.84
3960	-1.65
3961	-1.6
3962	-1.64
3963	-1.88
3964	-1.88
3965	-1.85
3966	-1.91
3967	-1.63
3968	-1.79
3969	-2.21
3970	-2.18
3971	-1.61
3972	-1.53
3973	-1.61
3974	-2.14
3975	-1.84
3976	-1.54
3977	-1.24
3978	-0.94
3979	0.46
3980	0.52
3981	0.58
3982	-0.16
3983	-0.76
3984	-1.18
3985	-1.22
3986	-1.23
3987	-1.19
3988	-1.15
3989	-1.11
3990	-1.07
3991	-1.03
3992	-1.49
3993	-1.95
3994	-3.1
3995	-1.25
3996	-1.17
3997	-1.01
3998	-1.43
3999	-1.3
4000	-1.6
4001	-1.89
4002	-1.38
4003	-1.71
4004	-1.58
4005	-1.61
4006	-2.49
4007	-2.53
4008	-2.35
4009	-2.33
4010	-1.79
4011	-1.325
4012	-0.86
4013	-0.53
4014	-1
4015	-1.6
4016	-1.04
4017	-2.25
4018	-1.83
4019	-1.57
4020	-1.44
4021	-1.76
4022	-1.63
4023	-1.63
4024	-1.32
4025	-1.5
4026	-1.82
4027	-1.41
4028	-1.54
4029	-0.85
4030	-0.93
4031	-1.19
4032	-1.25
4033	-1.31
4034	-1.48
4035	-1.56
4036	-1.35
4037	-1.4
4038	-1.16
4039	-1.29
4040	-1.29
4041	-1.4
4042	-1.25
4043	-1.21
4044	-1.22
4045	-1.05
4046	-0.71
4047	-0.89
4048	-1.03
4049	-1.12
4050	-0.86
4051	-0.67
4052	-0.61
4053	-0.25
4054	-0.27
4055	-0.44
4056	-1.05
4057	-1.04
4058	-1.21
4059	-1.41
4060	-2.16
4061	-1.61
4062	-1.3
4063	-1.11
4064	-0.96
4065	-1.61
4066	-1.99
4067	-2.26
4068	-1.43
4069	-1.07
4070	-1.09
4071	-2
4072	-2.05
4073	-2.02
4074	-1.75
4075	-1.39
4076	-1.36
4077	-1.13
4078	-0.64
4079	-0.73
4080	-1.24
4081	-1.09
4082	-1.54
4083	-1.51
4084	-1.67
4085	-1.98
4086	-1.95
4087	-2.05
4088	-2.15
4089	-1.71
4090	-1.59
4091	-1.51
4092	-0.83
4093	-0.01
4094	0.08
4095	-0.94
4096	-1.55
4097	-1.86
4098	-2.17
4099	-2.33
4100	-1.34
4101	-2.48
4102	-3.49
4103	-3.35
4104	-2.98
4105	-0.03
4106	-0.07
4107	-0.58
4108	-1.38
4109	-1.53
4110	-1.33
4111	-1.22
4112	-0.98
4113	-1.18
4114	-1.38
4115	-1.53
4116	-1.59
4117	-1.71
4118	-1.8
4119	-1.94
4120	-2.21
4121	-2.35
4122	-2.25
4123	-2.4
4124	-2.55
4125	-1.79
4126	-1.91
4127	-2.79
4128	-3.12
4129	-3.46
4130	-3.54
4131	-3.54
4132	-3.54
4133	-3.54
4134	-3.86
4135	-3.58
4136	-1.78
4137	-4.1
4138	-2.86
4139	-1.45
4140	-1.52
4141	-1.7
4142	-1.31
4143	-1.5
4144	-1.44
4145	-1.19
4146	-1.39
4147	-1.24
4148	-1.4
4149	-1.4
4150	-1.57
4151	-1.74
4152	-1.69
4153	-1.56
4154	-1.39
4155	-1.515
4156	-1.64
4157	-1.49
4158	-1.82
4159	-2.15
4160	-2.48
4161	-2.01
4162	-1.38
4163	-1.39
4164	-1.43
4165	-1.1
4166	-1.356666667
4167	-1.613333333
4168	-1.87
4169	-1.78
4170	-2.39
4171	-2.72
4172	-2.66
4173	-1.97
4174	-2.32
4175	-2.235
4176	-2.15
4177	-2.065
4178	-1.98
4179	-1.895
4180	-1.81
4181	-1.725
4182	-1.64
4183	-1.555
4184	-1.47
4185	-1.385
4186	-1.3
4187	-1.215
4188	-1.13
4189	-1.045
4190	-0.96
4191	-0.875
4192	-0.79
4193	-0.92
4194	-1.58
4195	-2.05
4196	-2.23
4197	-2.19
4198	-1.69
4199	-1.5
4200	-1.32
4201	-1.27
4202	-1.14
4203	-1.17
4204	-1.2
4205	-1.23
4206	-1.21
4207	-1.44
4208	-1.48
4209	-1.23
4210	-1.183333333
4211	-1.136666667
4212	-1.09
4213	-1.25
4214	-1.42
4215	-1.37
4216	-1.43
4217	-1.42
4218	-1.43
4219	-1.48
4220	-1.47
4221	-1.53
4222	-1.22
4223	-1.159
4224	-1.098
4225	-1.037
4226	-0.976
4227	-0.915
4228	-0.854
4229	-0.793
4230	-0.732
4231	-0.671
4232	-0.61
4233	-0.55
4234	-0.48
4235	-0.56
4236	-0.51
4237	-0.38
4238	-0.37
4239	-0.36
4240	-0.35
4241	-0.44
4242	-0.52
4243	-0.52
4244	-0.49
4245	-0.35
4246	-0.21
4247	-0.15
4248	-0.31
4249	-0.04
4250	0.07
4251	-0.05
4252	-0.086
4253	-0.122
4254	-0.158
4255	-0.194
4256	-0.23
4257	-0.22
4258	-0.22
4259	-0.22
4260	-0.31
4261	-0.36
4262	-0.4
4263	-0.35
4264	-0.31
4265	-0.21
4266	-0.15
4267	-0.18
4268	-0.2
4269	-0.19
4270	-0.15
4271	-0.21
4272	-0.01
4273	0.12
4274	0.34
4275	0.33
4276	0.45
4277	0.42
4278	0.2
4279	-0.03
4280	-0.21
4281	-0.41
4282	-0.48
4283	-0.61
4284	-0.78
4285	-0.86
4286	-0.87
4287	-0.58
4288	-0.21
4289	-0.248
4290	-0.286
4291	-0.324
4292	-0.362
4293	-0.4
4294	-0.88
4295	-1.02
4296	-1.28
4297	-1.175
4298	-1.07
4299	-0.965
4300	-0.86
4301	-0.66
4302	-0.42
4303	-0.02
4304	-0.1
4305	-0.51
4306	-0.69
4307	-0.707692308
4308	-0.725384615
4309	-0.743076923
4310	-0.760769231
4311	-0.778461538
4312	-0.796153846
4313	-0.813846154
4314	-0.831538462
4315	-0.849230769
4316	-0.866923077
4317	-0.884615385
4318	-0.902307692
4319	-0.92
4320	-0.74
