1	0.49
2	0.41
3	0.25
4	0.32
5	1.06
6	1.23
7	0.48
8	0.06
9	0.04
10	0.21
11	0.17
12	0.16
13	0.28
14	0.22
15	-0.45
16	-1.09
17	-1.39
18	-1.74
19	-1.8
20	-1.7
21	-1.61
22	-1.33
23	-1.54
24	-1.73
25	-1.678
26	-1.626
27	-1.574
28	-1.522
29	-1.47
30	-1.7
31	-1.02
32	-0.34
33	-1.18
34	-1.21
35	-0.94
36	-1.12
37	-1.13
38	-1.01
39	-1.17
40	-1.05
41	-0.72
42	-0.79
43	-0.67
44	-1.01
45	-0.84
46	-0.66
47	-0.64
48	-0.78
49	-0.61
50	-0.67
51	-0.64
52	-0.64
53	-0.6
54	-0.65
55	-0.75
56	-0.62
57	-0.43
58	-0.67
59	-0.69
60	-0.72
61	-0.77
62	-0.89
63	-1.11
64	-0.69
65	-0.32
66	-0.48
67	-0.39
68	-0.49
69	0.01
70	0.14
71	-0.15
72	0.73
73	0.82
74	1
75	0.9
76	0.8
77	0.24
78	0.08
79	-0.08
80	-0.24
81	-0.55
82	-0.04
83	-0.01
84	-0.01
85	-0.1
86	-0.01
87	0.11
88	0.03
89	-0.13
90	-0.08
91	0.26
92	0.32
93	0.32
94	0.3
95	0.28
96	0.33
97	0.33
98	0.47
99	0.35
100	0.4
101	0.51
102	0.47
103	0.38
104	0.39
105	0.4
106	0.68
107	0.7
108	0.35
109	0.35
110	-0.44
111	-0.56
112	-0.31
113	-0.46
114	-0.74
115	-0.59
116	-0.43
117	-0.27
118	-0.08
119	0
120	-0.06
121	-0.33
122	-0.44
123	-0.4
124	-0.24
125	-0.44
126	-0.53
127	-0.12
128	-0.03
129	-0.24
130	0.08
131	-0.04
132	0.18
133	0.17
134	0.16
135	0.08
136	0.03
137	0.19
138	-0.04
139	-0.08
140	-0.21
141	-0.23
142	-0.05
143	-0.15
144	-0.18
145	-0.04
146	-0.11
147	-0.32
148	-0.21
149	-0.39
150	-0.3
151	-0.27
152	-0.39
153	-0.34
154	0.15
155	-0.17
156	-0.01
157	-0.09
158	0.03
159	-0.07
160	-0.12
161	-0.17
162	-0.22
163	-0.27
164	-0.32
165	-0.58
166	-0.5075
167	-0.435
168	-0.3625
169	-0.29
170	-0.29
171	-0.08
172	0.2
173	0.146666667
174	0.093333333
175	0.04
176	0.17
177	0.09
178	0.08
179	-0.39
180	-0.54
181	-0.33
182	-0.1
183	-0.41
184	-0.46
185	-0.45
186	-0.38
187	-0.295
188	-0.21
189	-0.59
190	0.08
191	-0.225
192	-0.53
193	-0.4
194	-0.42
195	-0.33
196	-0.305
197	-0.28
198	-0.42
199	-0.35
200	-0.81
201	-0.53
202	-0.25
203	-0.83
204	-0.865
205	-0.9
206	-0.82
207	-0.75
208	-0.68
209	-0.65
210	-0.57
211	-0.49
212	-0.82
213	-1.12
214	-0.65
215	-0.49
216	-0.26
217	0.06
218	0.21
219	0.13
220	0.07
221	0.01
222	-0.03
223	-0.25
224	-0.69
225	-0.36
226	-0.63
227	-1.04
228	-0.41
229	-0.56
230	-0.48
231	-0.39
232	-0.09
233	0.27
234	0.36
235	0.77
236	1.11
237	1.06
238	1.2
239	1.3
240	0.69
241	0.88
242	0.18
243	0.38
244	0.89
245	0.56
246	0.21
247	-0.14
248	-0.49
249	-0.84
250	0.11
251	0.61
252	0.51
253	0.7
254	0.29
255	0.11
256	0.41
257	0.38
258	0.36
259	0.3
260	-0.12
261	0.59
262	0.83
263	1.17
264	0.12
265	0.05
266	0.51
267	1.11
268	1.5
269	1.09
270	1.08
271	1.46
272	1.07
273	0.44
274	0.85
275	1.11
276	1.31
277	1.27
278	1.2
279	1.21
280	0.78
281	1.55
282	1.58
283	1.45
284	1.44
285	1.38
286	1.41
287	1.5
288	1.45
289	0.41
290	0.33
291	0.66
292	0.41
293	0.48
294	0.56
295	0.55
296	0.36
297	0.99
298	1.08
299	0.86
300	0.49
301	1.05
302	1.29
303	1.21
304	1.24
305	0.97
306	0.79
307	0.69
308	0.75
309	0.55
310	0.46
311	0.9
312	0.82
313	1.2
314	1.45
315	0.86
316	-0.1
317	-0.48
318	-0.08
319	-0.02
320	0.52
321	0.57
322	0.85
323	0.98
324	0.92
325	-0.26
326	-0.9
327	-0.54
328	-0.36
329	-0.17
330	-0.16
331	0.33
332	0.47
333	-0.45
334	0.09
335	0.48
336	0.91
337	1.08
338	0.56
339	0.17
340	0.46
341	0.45
342	0.65
343	0.75
344	0.77
345	0.75
346	0.71
347	1.13
348	1.04
349	1.27
350	1.49
351	1.61
352	1.61
353	1.55
354	1.71
355	1.49
356	1.56
357	1.36
358	1.15
359	1.21
360	1.16
361	1.11
362	1.06
363	1.23
364	1.175
365	1.12
366	1.03
367	1.13
368	1.33
369	1.255
370	1.18
371	1.26
372	1.22
373	1.57
374	0.74
375	0.73
376	0.48
377	0.49
378	0.47
379	1.06
380	1.35
381	0.99
382	1.3
383	1.36
384	1.5
385	1.36
386	1.41
387	1.45
388	1.45
389	1.62
390	2
391	2.1
392	1.42
393	1.57
394	1.49
395	1.83
396	1.78
397	1.54
398	1.3
399	1.06
400	1.42
401	1.34
402	1.45
403	1.36
404	1.25
405	1.21
406	1.22
407	1.28
408	1.23
409	1.22
410	1.17
411	1
412	0.9
413	1.01
414	0.97
415	0.93
416	0.91
417	1
418	0.88
419	0.94
420	0.68
421	0.98
422	1.09
423	1.14
424	0.76
425	0.77
426	1.04
427	1.1
428	1.14
429	1.18
430	1.58
431	0.52
432	0.68
433	0.45
434	0.57
435	0.78
436	0.94
437	0.81
438	0.87
439	0.64
440	0.36
441	0.455
442	0.55
443	0.6
444	0.48
445	0.36
446	0.52
447	0.76
448	0.88
449	0.94
450	0.85
451	0.895
452	0.94
453	0.82
454	0.92
455	0.91
456	0.9
457	0.89
458	0.87
459	0.835
460	0.8
461	0.66
462	0.59
463	0.49
464	0.51
465	0.46
466	0.49
467	0.52
468	0.46
469	0.4
470	0.36
471	0.33
472	0.29
473	0.27
474	0.23
475	0.09
476	0.14
477	0.15
478	0.1
479	0.08
480	0.09
481	-0.03
482	-0.01
483	-0.12
484	0.09
485	0.28
486	0.31
487	0.66
488	0.58
489	0.42
490	0.24
491	0.18
492	0.22
493	0.2
494	0.24
495	0.23
496	0.23
497	0.21
498	0.19
499	0.18
500	0.2
501	0.16
502	0.24
503	0.32
504	0.24
505	0.3
506	0.29
507	0.2
508	0.28
509	0.28
510	0.3
511	0.28
512	0.28
513	0.32
514	0.32
515	0.36
516	0.3
517	0.35
518	0.12
519	0.42
520	0.41
521	0.25
522	0.4
523	0.5
524	0.6
525	0.7
526	0.57
527	0.64
528	0.72
529	0.64
530	0.3
531	0.31
532	0.49
533	0.09
534	0.22
535	0.32
536	0.24
537	0.27
538	0.33
539	0.37
540	0.37
541	0.31
542	0.36
543	0.23
544	0.04
545	0.2
546	0.2
547	0.14
548	0.08
549	0.03
550	0.08
551	0.02
552	-0.04
553	0.15
554	-0.09
555	-0.13
556	-0.03
557	-0.01
558	0.01
559	-0.1
560	-0.12
561	0.07
562	0.06
563	-0.16
564	-0.07
565	-0.15
566	-0.05
567	-0.12
568	-0.2
569	-0.16
570	-0.13
571	-0.13
572	-0.14
573	-0.26
574	0.01
575	-0.1
576	-0.07
577	-0.21
578	-0.19
579	-0.55
580	-0.41
581	-0.33
582	-0.36
583	-0.03
584	0.03
585	-0.02
586	0.09
587	0.22
588	0.13
589	0.1
590	-0.01
591	-0.26
592	-0.26
593	-0.17
594	-0.17
595	-0.03
596	0.21
597	0.46
598	0.68
599	0.99
600	1.17
601	1.38
602	1.42
603	1.46
604	1.75
605	1.71
606	1.62
607	1.63
608	1.57
609	1.608
610	1.646
611	1.684
612	1.722
613	1.76
614	1.77
615	1.85
616	1.93
617	2.01
618	2.02
619	2.03
620	2.04
621	2.05
622	2.12
623	2.115
624	2.11
625	2.19
626	2.025
627	1.86
628	1.96
629	1.935
630	1.91
631	2.04
632	2
633	1.97
634	1.94
635	1.88
636	1.84
637	1.95
638	2.1
639	2.01
640	2.07
641	1.87
642	1.83
643	1.93
644	1.95
645	1.81
646	1.79
647	1.9
648	1.76
649	1.66
650	1.63
651	1.74
652	1.79
653	1.87
654	1.86
655	1.86
656	1.86
657	1.83
658	1.77
659	1.67
660	1.65
661	1.65
662	1.54
663	1.47
664	1.32
665	1.32
666	0.97
667	0.48
668	0.98
669	0.63
670	0.563333333
671	0.496666667
672	0.43
673	0.86
674	0.81
675	0.85
676	0.96
677	1.1
678	1.13
679	1.14
680	1.06
681	0.97
682	1.22
683	0.875
684	0.53
685	0.46
686	1.08
687	1.03
688	0.9
689	1.12
690	1.14
691	1.13
692	0.99
693	0.61
694	0.59
695	0.99
696	0.84
697	0.68
698	0.67
699	0.92
700	0.83
701	-0.27
702	-0.09
703	0.19
704	0.19
705	0.37
706	0.42
707	0.37
708	0.33
709	0.3
710	0.35
711	0.31
712	0.29
713	0.34
714	0.31
715	0.33
716	0.35
717	0.47
718	0.46
719	0.41
720	0.28
721	0.38
722	0.81
723	1.04
724	0.27
725	0.76
726	0.63
727	1.16
728	1.9
729	0.24
730	0.25
731	0.47
732	0.48
733	0.87
734	0.85
735	0.45
736	0.68
737	0.88
738	0.93
739	0.54
740	0.74
741	0.76
742	0.72
743	0.73
744	1.14
745	1.33
746	1.34
747	1.35
748	1.46
749	1.34
750	1.22
751	0.66
752	1.37
753	1.41
754	1.29
755	1.37
756	1.47
757	1.6
758	1.6
759	1.58
760	1.55
761	1.46
762	1.37
763	1.38
764	1.35
765	1.29
766	1.18
767	0.97
768	1.14
769	1.18
770	1.19
771	1.32
772	1.42
773	1.51
774	1.495
775	1.48
776	1.53
777	1.37
778	1.21
779	1.18
780	1.375
781	1.57
782	1.62
783	1.63
784	1.64
785	1.54
786	1.275
787	1.01
788	1.1
789	1.05
790	1.15
791	1.07
792	0.96
793	0.58
794	0.04
795	0.32
796	0.97
797	1.08
798	0.31
799	0.4
800	0.28
801	0.58
802	0.27
803	0.73
804	-0.44
805	0.35
806	1.12
807	0.53
808	1.07
809	0.91
810	0.87
811	1
812	1.15
813	1.09
814	0.54
815	0.67
816	0.39
817	-0.25
818	-0.25
819	-0.6
820	-0.18
821	-0.5
822	-0.15
823	-0.25
824	-0.23
825	-0.27
826	0.01
827	0.05
828	-0.6
829	-0.74
830	-0.45
831	-0.16
832	-0.51
833	-0.32
834	-0.05
835	-0.2
836	-0.19
837	-0.18
838	-0.34
839	-0.77
840	-0.57
841	-0.43
842	-0.17
843	-0.12
844	-0.1
845	-0.14
846	-0.14
847	-0.32
848	-0.28
849	-0.31
850	-0.38
851	-0.3
852	-0.28
853	-0.19
854	-0.2
855	-0.33
856	-0.22
857	-0.11
858	-0.4
859	-0.37
860	-0.28
861	-0.11
862	0.01
863	-0.14
864	0.07
865	-0.37
866	-0.46
867	-0.32
868	-0.27
869	-0.175
870	-0.08
871	-0.1
872	-0.1
873	-0.07
874	-0.03
875	-0.02
876	0.06
877	0.22
878	0.28
879	0.32
880	0.33
881	0.29
882	0.32
883	0.35
884	0.3
885	0.36
886	0.435
887	0.51
888	0.45
889	0.34
890	0.4
891	0.3
892	0.17
893	0.19
894	0.26
895	0.2
896	0.22
897	0.21
898	0.155
899	0.1
900	0.11
901	-0.02
902	-0.03
903	-0.04
904	-0.08
905	0.06
906	-0.2
907	0.02
908	-0.01
909	-0.26
910	0.18
911	0.1
912	-0.04
913	0.1
914	0
915	-0.18
916	-0.11
917	-0.36
918	0
919	0.09
920	-0.08
921	-0.24
922	-0.29
923	-0.2
924	0.18
925	0.26
926	0.36
927	0.43
928	0.09
929	0.65
930	0.82
931	0.66
932	0.5
933	0.34
934	0.03
935	0.24
936	-0.01
937	-0.09
938	1.14
939	0.72
940	1.32
941	1.35
942	1.44
943	1.35
944	0.93
945	0.57
946	0.77
947	0.42
948	-0.06
949	0.04
950	-0.01
951	0.14
952	0.25
953	0.34
954	0.43
955	0.4
956	0.9
957	0.82
958	0.79
959	0.83
960	0.82
961	0.51
962	0.2
963	0.14
964	0.42
965	0.74
966	0.84
967	0.85
968	0.83
969	0.9
970	1
971	1.01
972	1.01
973	0.86
974	0.71
975	0.7
976	1.09
977	1.53
978	0.96
979	0.55
980	0.6
981	0.64
982	0.64
983	0.63
984	0.57
985	0.58
986	0.69
987	0.64
988	0.78
989	0.77
990	0.85
991	0.97
992	0.7
993	0.72
994	0.13
995	0.03
996	-0.11
997	-0.32
998	-0.12
999	0.52
1000	0.65
1001	0.33
1002	0.16
1003	0.14
1004	0.15
1005	0.2
1006	-0.07
1007	-0.53
1008	-0.18
1009	-0.21
1010	-0.13
1011	-0.08
1012	0.16
1013	0.04
1014	-0.02
1015	-0.02
1016	0.04
1017	0.39
1018	0.36
1019	0.31
1020	0.24
1021	0.17
1022	0.13
1023	0.21
1024	0.33
1025	0.25
1026	0.31
1027	0.26
1028	0.12
1029	0.175
1030	0.23
1031	0.12
1032	0.04
1033	-0.07
1034	-0.09
1035	-0.21
1036	-0.24
1037	-0.38
1038	-0.35
1039	-0.36
1040	-0.18
1041	-0.03
1042	-0.07
1043	-0.03
1044	0.02
1045	0.03
1046	0.12
1047	0.14
1048	0.27
1049	0.53
1050	-0.14
1051	-0.24
1052	-0.44
1053	-0.33
1054	0.03
1055	0.13
1056	0.34
1057	0.36
1058	0.49
1059	0.52
1060	0.32
1061	0.33
1062	0.3
1063	0.18
1064	0.01
1065	-0.06
1066	-0.03
1067	-0.1
1068	-0.07
1069	-0.04
1070	-0.33
1071	0.34
1072	0.12
1073	0.11
1074	0
1075	-0.21
1076	-0.23
1077	-0.25
1078	-0.26
1079	-0.46
1080	-1.04
1081	-1.32
1082	-0.96
1083	-0.95
1084	-1.25
1085	-1.263333333
1086	-1.276666667
1087	-1.29
1088	-1.39
1089	-1.37
1090	-1.35
1091	-1.36
1092	-1.383333333
1093	-1.406666667
1094	-1.43
1095	-1.36
1096	-1.415
1097	-1.47
1098	-1.52
1099	-1.48
1100	-1.44
1101	-1.49
1102	-1.465
1103	-1.44
1104	-1.44
1105	-1.49
1106	-1.54
1107	-1.59
1108	-1.64
1109	-1.87
1110	-1.93
1111	-2.04
1112	-2.035
1113	-2.03
1114	-2
1115	-1.97
1116	-1.94
1117	-1.88
1118	-1.9
1119	-1.83
1120	-1.7975
1121	-1.765
1122	-1.7325
1123	-1.7
1124	-1.59
1125	-1.58
1126	-1.48
1127	-1.49
1128	-1.38
1129	-1.22
1130	-1.15
1131	-1.04
1132	-0.79
1133	-0.63
1134	-0.72
1135	-0.57
1136	-0.69
1137	-0.26
1138	0.42
1139	-0.03
1140	0.33
1141	0.57
1142	0.5
1143	0.07
1144	0.39
1145	0.19
1146	0.89
1147	1.045
1148	1.2
1149	0.53
1150	-0.9
1151	-0.87
1152	-0.74
1153	-0.81
1154	-0.61
1155	-0.76
1156	-0.74
1157	-0.72
1158	-1.08
1159	-1.43
1160	-1.37
1161	-1.09
1162	-1.02
1163	-0.8
1164	-0.79
1165	-0.81
1166	-1.02
1167	-1.22
1168	-1.26
1169	-1.33
1170	-1.38
1171	-1.18
1172	-1.17
1173	-1.31
1174	-1.21
1175	-1.21
1176	-1.25
1177	-1.37
1178	-1.37
1179	-1.37
1180	-1.37
1181	-1.37
1182	-1.4
1183	-1.46
1184	-1.63
1185	-1.623333333
1186	-1.616666667
1187	-1.61
1188	-1.67
1189	-1.48
1190	-1.29
1191	-1.24
1192	-1.233333333
1193	-1.226666667
1194	-1.22
1195	-1.12
1196	-1.09
1197	-1.06
1198	-1.03
1199	-0.75
1200	-0.815
1201	-0.88
1202	-0.945
1203	-1.01
1204	-1.06
1205	-0.88
1206	-0.75
1207	-0.85
1208	-0.98
1209	-1.05
1210	-1.16
1211	-0.86
1212	-0.91
1213	-0.86
1214	-0.81
1215	-0.76
1216	-0.85
1217	-0.81
1218	-0.87
1219	-0.835
1220	-0.8
1221	-0.75
1222	-0.83
1223	-0.79
1224	-0.755
1225	-0.72
1226	-0.84
1227	-0.89
1228	-0.86
1229	-1.035
1230	-1.21
1231	-1.28
1232	-1.15
1233	-1.06
1234	-0.82
1235	-1.06
1236	-1.25
1237	-1.32
1238	-1.3
1239	-1.31
1240	-1.41
1241	-1.46
1242	-1.49
1243	-1.57
1244	-1.71
1245	-1.65
1246	-1.74
1247	-1.3
1248	-1.16
1249	-1.23
1250	-1.1
1251	-1.1
1252	-1.1
1253	-1.11
1254	-1.04
1255	-0.63
1256	-0.91
1257	-1.05
1258	-0.92
1259	-0.87
1260	-0.93
1261	-0.8
1262	-0.78
1263	-1.32
1264	-1.07
1265	-0.98
1266	-1
1267	-0.86
1268	-0.91
1269	-1.2
1270	-1.15
1271	-1.21
1272	-1.08
1273	-1.18
1274	-1.54
1275	-1.58
1276	-1.46
1277	-1.5
1278	-1.5
1279	-1.52
1280	-1.46
1281	-1.5
1282	-1.51
1283	-1.31
1284	-1.47
1285	-1.34
1286	-1.21
1287	-1.32
1288	-1.516666667
1289	-1.713333333
1290	-1.91
1291	-1.77
1292	-1.635
1293	-1.5
1294	-1.57
1295	-1.605
1296	-1.64
1297	-1.79
1298	-1.63
1299	-1.42
1300	-1.54
1301	-1.58
1302	-1.68
1303	-1.17
1304	-1.36
1305	-1.21
1306	-1.42
1307	-1.02
1308	-1.7
1309	-1.96
1310	-1.59
1311	-1.63
1312	-1.67
1313	-1.67
1314	-1.74
1315	-1.74
1316	-1.74
1317	-1.74
1318	-1.74
1319	-0.89
1320	-1.06
1321	-1.17
1322	-0.92
1323	-1.09
1324	-1.06
1325	-1.04
1326	-1.2
1327	-0.91
1328	-1.13
1329	-0.97
1330	-1.46
1331	-1.54
1332	-1.35
1333	-1.42
1334	-1.32
1335	-1.55
1336	-1.68
1337	-1.73
1338	-1.81
1339	-1.57
1340	-1.42
1341	-1.8
1342	-1.98
1343	-1.22
1344	-0.75
1345	-0.85
1346	-0.63
1347	-0.55
1348	-0.67
1349	-0.59
1350	-0.73
1351	-0.69
1352	-0.29
1353	-0.41
1354	-0.41
1355	-0.36
1356	-0.31
1357	-0.28
1358	-0.36
1359	-0.32
1360	-0.33
1361	-0.3
1362	-0.285
1363	-0.27
1364	-0.33
1365	-0.26
1366	-0.26
1367	-0.27
1368	-0.27
1369	-0.3
1370	-0.33
1371	-0.19
1372	-0.11
1373	-0.03
1374	0.03
1375	-0.07
1376	-0.07
1377	-0.02
1378	-0.01
1379	-0.04
1380	-0.07
1381	0.01
1382	0.06
1383	0.1
1384	0.19
1385	0.28
1386	0.27
1387	0.22
1388	0.17
1389	0.17
1390	0.17
1391	0.18
1392	0.22
1393	0.01
1394	0.04
1395	0.07
1396	0.1
1397	0.13
1398	0.13
1399	0.13
1400	0.07
1401	0.08
1402	0.13
1403	0.14
1404	0.13
1405	0.12
1406	0.12
1407	0.125
1408	0.13
1409	0.1
1410	0.11
1411	0.19
1412	0.24
1413	0.33
1414	0.37
1415	0.3
1416	0.27
1417	0.35
1418	0.38
1419	0.47
1420	0.57
1421	0.54
1422	0.54
1423	0.6275
1424	0.715
1425	0.8025
1426	0.89
1427	0.99
1428	-0.31
1429	-0.87
1430	-1.36
1431	-1.62
1432	-1.74
1433	-1.79
1434	-1.55
1435	-1.41
1436	-1.08
1437	-1.24
1438	-1.23
1439	-1.3
1440	-0.71
1441	-0.72
1442	-0.28
1443	-0.82
1444	-1.03
1445	-1.25
1446	-1.04
1447	-0.96
1448	-0.99
1449	-1.03
1450	-1.17
1451	-1.31
1452	0.17
1453	0.53
1454	0.79
1455	0.81
1456	0.95
1457	0.88
1458	0.85
1459	0.82
1460	1
1461	0.49
1462	0.58
1463	0.64
1464	0.75
1465	0.61
1466	0.105
1467	-0.4
1468	0
1469	-0.12
1470	-0.26
1471	-0.27
1472	-0.52
1473	-0.64
1474	-0.54
1475	-0.17
1476	-0.01
1477	-0.47
1478	-0.62
1479	-0.55
1480	-0.53
1481	0.24
1482	0.47
1483	0.7
1484	0.65
1485	0.65
1486	0.66
1487	0.36
1488	0.54
1489	0.43
1490	-0.05
1491	-0.71
1492	-0.32
1493	-0.436
1494	-0.552
1495	-0.668
1496	-0.784
1497	-0.9
1498	-0.7
1499	-0.5
1500	-0.3
1501	-0.1
1502	0.1
1503	0.78
1504	0.62
1505	0.93
1506	0.616
1507	0.302
1508	-0.012
1509	-0.326
1510	-0.64
1511	-0.78
1512	-0.893333333
1513	-1.006666667
1514	-1.12
1515	-1.15
1516	-1.09
1517	-1.03
1518	-0.97
1519	-0.37
1520	-0.76
1521	-0.425
1522	-0.09
1523	-0.26
1524	0.04
1525	-0.13
1526	0.28
1527	0.42
1528	0.13
1529	0.38
1530	0.1
1531	0.16
1532	0.06
1533	0.29
1534	0.54
1535	0.26
1536	0.23
1537	0.15
1538	0.07
1539	-0.79
1540	-1.07
1541	-1.255
1542	-1.44
1543	-1.93
1544	-2.03
1545	-2.06
1546	-2.05
1547	-2.09
1548	-2.01
1549	-1.96
1550	-1.95
1551	-2.02
1552	-2.08
1553	-1.87
1554	-1.756666667
1555	-1.643333333
1556	-1.53
1557	-1.91
1558	-1.48
1559	-1.47
1560	-1.565
1561	-1.66
1562	-0.61
1563	-0.49
1564	-0.465
1565	-0.44
1566	-0.53
1567	-0.43
1568	-0.45
1569	-0.505
1570	-0.56
1571	-0.67
1572	-0.735
1573	-0.8
1574	-0.76
1575	-0.82
1576	-0.82
1577	-0.64
1578	-0.7
1579	-0.76
1580	-0.82
1581	-0.98
1582	-0.84
1583	-0.98
1584	-0.785
1585	-0.59
1586	-0.66
1587	0.01
1588	-0.35
1589	0.33
1590	0.55
1591	0.54
1592	0.22
1593	-0.1
1594	-0.14
1595	-0.12
1596	-0.01
1597	-0.13
1598	0.11
1599	0.06
1600	0.03
1601	0.79
1602	1.68
1603	1.67
1604	1.43
1605	1.19
1606	1.06
1607	1.13
1608	0.99
1609	0.76
1610	0.72
1611	0.71
1612	0.91
1613	1.21
1614	1.41
1615	1.32
1616	1.49
1617	1.63
1618	1.62
1619	1.61
1620	1.55
1621	1.19
1622	1.13
1623	1.07
1624	0.83
1625	0.81
1626	0.85
1627	0.79
1628	0.59
1629	0.58
1630	-0.01
1631	0.49
1632	0.68
1633	0.49
1634	0.45
1635	0.61
1636	0.77
1637	0.59
1638	0.93
1639	0.99
1640	1.42
1641	1.12
1642	1.03
1643	0.46
1644	0.01
1645	1.47
1646	2.01
1647	1.92
1648	1.82
1649	1.95
1650	1.83
1651	1.72
1652	1.73
1653	2.03
1654	1.94
1655	2.31
1656	2.17
1657	2.11
1658	1.29
1659	1.56
1660	1.47
1661	1.69
1662	1.4
1663	1.465
1664	1.53
1665	1.71
1666	1.45
1667	1.65
1668	1.69
1669	1.63
1670	1.9
1671	1.64
1672	1.073333333
1673	0.506666667
1674	-0.06
1675	-0.19
1676	-0.15
1677	-0.15
1678	0.04
1679	0.46
1680	0.36
1681	0.26
1682	0.16
1683	0.06
1684	0.24
1685	0.46
1686	0.64
1687	0.65
1688	0.82
1689	1.44
1690	1.8
1691	1.82
1692	1.82
1693	2.08
1694	0.48
1695	1.03
1696	1.02
1697	0.66
1698	0.67
1699	1.09
1700	1.75
1701	1.5
1702	1.5
1703	1.45
1704	1.64
1705	1.48
1706	2.56
1707	3.04
1708	3.24
1709	3.42
1710	3.335
1711	3.25
1712	2.74
1713	2.98
1714	3.055
1715	3.13
1716	3.04
1717	3.14
1718	3.11
1719	2.95
1720	2.74
1721	2.55
1722	2.69
1723	2.64
1724	1.91
1725	2.1
1726	2.36
1727	2.52
1728	2.65
1729	2.29
1730	0.91
1731	1.17
1732	1.46
1733	1.67
1734	1.51
1735	1.605
1736	1.7
1737	1.58
1738	1.452
1739	1.324
1740	1.196
1741	1.068
1742	0.94
1743	1.23
1744	0.88
1745	1.97
1746	1.96
1747	2.12
1748	2.26
1749	2.19
1750	2.2
1751	2.29
1752	2.29
1753	2.35
1754	2.31
1755	2.32
1756	2.06
1757	2.42
1758	2.7
1759	1.87
1760	1.39
1761	1.04
1762	0.98
1763	1.17
1764	1.52
1765	1.87
1766	1.6
1767	2.03
1768	1.84
1769	1.95
1770	1.14
1771	1.61
1772	1.62
1773	1.81
1774	2.03
1775	2.29
1776	2.45
1777	2.51
1778	2.92
1779	2.935
1780	2.95
1781	2.9
1782	2.83
1783	2.75
1784	1.57
1785	1.87
1786	2.16
1787	1.95
1788	1.45
1789	1.75
1790	1.61
1791	1.61
1792	1.47
1793	1.36
1794	1.56
1795	1.44
1796	1.82
1797	1.95
1798	1.96
1799	2.22
1800	2.36
1801	2.27
1802	2.19
1803	2.02
1804	2.02
1805	2.17
1806	2.19
1807	2.16
1808	2.18
1809	1.96
1810	2.11
1811	2.04
1812	1.96
1813	1.9
1814	1.92
1815	1.9
1816	2
1817	1.93
1818	2.08
1819	2.07
1820	2.22
1821	2.44
1822	2.44
1823	2.54
1824	2.36
1825	2.44
1826	2.52
1827	2.44
1828	2.53
1829	2.58
1830	2.78
1831	2.62
1832	2.9
1833	2.91
1834	2.82
1835	2.54
1836	2.63
1837	2.21
1838	2.05
1839	2.62
1840	2.44
1841	2.73
1842	2.92
1843	3.06
1844	3.2
1845	3.28
1846	2.97
1847	2.99
1848	3.27
1849	3.4
1850	3.36
1851	3.11
1852	2.81
1853	2.65
1854	2.69
1855	3.02
1856	2.86
1857	2.86
1858	2.81
1859	2.85
1860	2.91
1861	2.74
1862	2.5
1863	2.27
1864	3.14
1865	3.41
1866	2.46
1867	2.27
1868	2.52
1869	2.63
1870	2.34
1871	2.23
1872	2.64
1873	2.13
1874	2.38
1875	2.77
1876	2.34
1877	2.7
1878	2.64
1879	2.695
1880	2.75
1881	2.45
1882	0.74
1883	1.69
1884	1.87
1885	1.88
1886	1.91
1887	2.26
1888	2.36
1889	2.4
1890	2.57
1891	2.52
1892	2.14
1893	2.02
1894	2.32
1895	2.41
1896	2.72
1897	2.86
1898	3.06
1899	2.806666667
1900	2.553333333
1901	2.3
1902	2.42
1903	2.58
1904	2.71
1905	1.96
1906	1.74
1907	1.72
1908	1.785
1909	1.85
1910	1.81
1911	2.33
1912	2.8
1913	2.94
1914	2.96
1915	3.143333333
1916	3.326666667
1917	3.51
1918	3.48
1919	3.52
1920	3.55
1921	3.175
1922	2.8
1923	2.63
1924	2.65
1925	2.51
1926	2.71
1927	2.49
1928	2.67
1929	1.24
1930	3.09
1931	8.2
1932	4.56
1933	-1.17
1934	-1.04
1935	2.18
1936	2.59
1937	4.08
1938	2.34
1939	-0.7
1940	-1.48
1941	-2.21
1942	-2.1
1943	-0.94
1944	-0.29
1945	0.78
1946	3.07
1947	3.2
1948	2.77
1949	2.47
1950	2.71
1951	2.58
1952	4.94
1953	5.71
1954	4.93
1955	4.54
1956	6.07
1957	6
1958	5.85
1959	7.71
1960	4.72
1961	4.07
1962	5.7
1963	5.17
1964	5.91
1965	6.65
1966	6.85
1967	5.42
1968	3.75
1969	4.95
1970	8.07
1971	9.01
1972	9.91
1973	4.61
1974	-1.44
1975	-2.25
1976	-2.07
1977	-1.4
1978	-0.8
1979	-0.48
1980	-0.05
1981	0.75
1982	0.61
1983	0.43
1984	0.67
1985	0.18
1986	0.76
1987	-0.98
1988	-1.04
1989	1.19
1990	2.51
1991	2.42
1992	2.11
1993	4.99
1994	8.35
1995	6.94
1996	8
1997	3.28
1998	3.56
1999	6.83
2000	7.74
2001	10.54
2002	12.14
2003	11.91
2004	9.78
2005	10.79
2006	10.93
2007	10.57
2008	10.24
2009	10.46
2010	8.54
2011	6.94
2012	11.19
2013	7.9
2014	7.69
2015	6.93
2016	4.01
2017	4.21
2018	3.45
2019	5.25
2020	6.55
2021	6.54
2022	9.1
2023	4.29
2024	5.56
2025	6.55
2026	8.18
2027	12.01
2028	11.91
2029	10.27
2030	5.95
2031	5.29
2032	3.6
2033	1.91
2034	2.61
2035	1.43
2036	2.01
2037	2.06
2038	1.44
2039	1.27
2040	1.12
2041	-1.98
2042	-1.57
2043	-2.55
2044	-2.74
2045	-3.34
2046	-5.43
2047	-7.87
2048	-4.24
2049	-2.86
2050	-0.44
2051	0.79
2052	4.91
2053	7.87
2054	8.81
2055	6.45
2056	4.76
2057	0.97
2058	-3.04
2059	-10.94
2060	-8.57
2061	-5.63
2062	-1.27
2063	5.4
2064	5.76
2065	2.72
2066	3.36
2067	1.63
2068	2.8
2069	-3.87
2070	-3.67
2071	-5.5
2072	-5.96
2073	2.31
2074	2.83
2075	6.33
2076	2.69
2077	-5.62
2078	-8.88
2079	-15.36
2080	-16.12
2081	-14.04
2082	-12.03
2083	-12.01
2084	-12.69
2085	-13.19
2086	-13.4
2087	-13.25
2088	-13.4
2089	-10.82
2090	-13.2
2091	-14.15
2092	-15.81
2093	-15.08
2094	-15.39
2095	-14.83
2096	-14.47
2097	-13.46
2098	-16.19
2099	-17.68
2100	-13.45
2101	-16.27
2102	-17.45
2103	-17.11
2104	-16.38
2105	-14.03
2106	-14.02
2107	-14.6
2108	-12.93
2109	-11.8
2110	-11.81
2111	-11.2
2112	-11.56
2113	-10.38
2114	-9.46
2115	-13.04
2116	-23.19
2117	-19.72
2118	-18.5
2119	-19
2120	-20.31
2121	-21.73
2122	-20.08
2123	-18.53
2124	-17.75
2125	-4.48
2126	2.43
2127	1.98
2128	3.41
2129	4.39
2130	5.9
2131	-3.31
2132	0.21
2133	1.02
2134	5.13
2135	5.79
2136	11.34
2137	6.26
2138	9.92
2139	12.46
2140	11.79
2141	12.13
2142	11.62
2143	12.29
2144	13.48
2145	14.88
2146	14.51
2147	11.44
2148	9.49
2149	8.17
2150	6.75
2151	4.78
2152	4.38
2153	1.74
2154	3.19
2155	5.21
2156	8.99
2157	10.705
2158	12.42
2159	13.11
2160	14.37
2161	12.82
2162	10.8
2163	11.28
2164	13.37
2165	16.42
2166	15.83
2167	16.05
2168	16.12
2169	15.74
2170	15.28
2171	15.82
2172	16.24
2173	15.5
2174	14.34
2175	13.96
2176	13.41
2177	13.26
2178	13.72
2179	14.14
2180	14.72
2181	14.59
2182	14.57
2183	14.72
2184	14.72
2185	15.08
2186	14.56
2187	14.11
2188	14.24
2189	15.63
2190	15.26
2191	14.81
2192	14.32
2193	14.955
2194	15.59
2195	15.03
2196	15.29
2197	15.67
2198	15.9
2199	15.95
2200	16.92
2201	17.41
2202	17.23
2203	17.61
2204	18.03
2205	18.92
2206	18.26
2207	17.73
2208	17.31
2209	17.6
2210	16.54
2211	14.99
2212	16.7
2213	18.61
2214	21.11
2215	20.89
2216	19.87
2217	19.24
2218	21.26
2219	20.54
2220	18.36
2221	16.07
2222	14.15
2223	14.2
2224	13.34
2225	11.95
2226	10.68
2227	10.125
2228	9.57
2229	3.51
2230	4.91
2231	7.58
2232	6.18
2233	7.77
2234	16.09
2235	16.65
2236	17.8
2237	18.35
2238	19.92
2239	20.1
2240	21.14
2241	20.18
2242	20.44
2243	19.84
2244	19.62
2245	19.99
2246	20.23
2247	18.29
2248	20.1
2249	19.16
2250	20.79
2251	19.99
2252	19.52
2253	18.86
2254	18.51
2255	18.02
2256	19.22
2257	18.31
2258	18.79
2259	17.68
2260	16.84
2261	18.14
2262	18.32
2263	15.48
2264	16.27
2265	15.95
2266	16.74
2267	16.26
2268	15.52
2269	14.77
2270	15.14
2271	16.04
2272	13.26
2273	14.15
2274	18.63
2275	19.72
2276	21.26
2277	20.45
2278	21.59
2279	22
2280	21.95
2281	22.71
2282	24.35
2283	24.81
2284	25.17
2285	25.32
2286	25.47
2287	25.4675
2288	25.465
2289	25.4625
2290	25.46
2291	25.25
2292	24.76
2293	25.06
2294	24.54
2295	24.02
2296	24.55
2297	24.9
2298	24.71
2299	23.99
2300	24.18
2301	23.94
2302	23.72
2303	24.04
2304	25.36
2305	25.01
2306	25.96
2307	25.88
2308	25.7
2309	27.28
2310	27.7
2311	28.08
2312	27.73
2313	27.45
2314	28.21
2315	27.83
2316	27.66
2317	27.67
2318	27.55
2319	27.39
2320	27.84
2321	28.69
2322	29
2323	29.55
2324	29.67
2325	30.2
2326	30.12
2327	29.85
2328	30.46
2329	30.92
2330	30.47
2331	30.51
2332	30.7
2333	30.44
2334	30.89
2335	30.9
2336	30.65
2337	30.96
2338	31.18
2339	31.12
2340	30.67
2341	30.76
2342	30.59
2343	30.6
2344	30.95
2345	31.46
2346	31.56
2347	31.9
2348	32.06
2349	32.19
2350	32.06
2351	32.36
2352	32.14
2353	32.03
2354	32.5
2355	32.28
2356	32.32
2357	32.32
2358	32.37
2359	32.35
2360	31.87
2361	31.8
2362	31.34
2363	31.3
2364	31.75
2365	31.97
2366	31.81
2367	31.83
2368	31.68
2369	31.66
2370	31.98
2371	32.11
2372	32
2373	31
2374	30.39
2375	30.33
2376	30.87
2377	30.91
2378	30.5
2379	30.35
2380	30.77
2381	30.75
2382	30.66
2383	30.5
2384	30.51
2385	30.91
2386	30.93
2387	31.14
2388	31.04
2389	30.81
2390	31.05
2391	30.65
2392	30.68
2393	31.04
2394	31.09
2395	31.28
2396	31.26
2397	31.31
2398	31.36
2399	31.33
2400	31.255
2401	31.18
2402	31.105
2403	31.03
2404	31.11
2405	31.275
2406	31.44
2407	31.39
2408	31.11
2409	30.83
2410	30.81
2411	29.69
2412	30.15
2413	30.19
2414	28.62
2415	28.66
2416	28.45
2417	28.76
2418	28.52
2419	28.34
2420	28.53
2421	29.24
2422	28.51
2423	28.4
2424	28.11
2425	28.67
2426	29.07
2427	28.62
2428	29.5
2429	29.75
2430	29.29
2431	28.56
2432	29.4
2433	29.78
2434	29.05
2435	29.48
2436	29.63
2437	29.89
2438	29.95
2439	28.3
2440	29.11
2441	29.45
2442	29.24
2443	29.06
2444	29.31
2445	29.015
2446	28.72
2447	28.82
2448	28.65666667
2449	28.49333333
2450	28.33
2451	28.06
2452	28.0525
2453	28.045
2454	28.0375
2455	28.03
2456	28.1
2457	28.05
2458	28
2459	27.95
2460	28.18
2461	27.995
2462	27.81
2463	27.59
2464	27.665
2465	27.74
2466	27.77
2467	27.655
2468	27.54
2469	27.01
2470	27.06
2471	27.11
2472	27.16
2473	25.82
2474	26.09
2475	26.36
2476	25.7
2477	25.805
2478	25.91
2479	26.09
2480	26.43
2481	26.77
2482	26.07
2483	26.045
2484	26.02
2485	26.1
2486	26.205
2487	26.31
2488	26.14
2489	26.04
2490	25.94
2491	26.58
2492	27.1
2493	27.31
2494	25.56
2495	25.06
2496	24.97
2497	25.19
2498	25.1
2499	25.26
2500	25.93
2501	26.59
2502	26.35
2503	26.48
2504	26.13
2505	25.59
2506	26.29
2507	25.77
2508	25.8
2509	25.22
2510	25.93
2511	26.88
2512	26.295
2513	25.71
2514	24.66
2515	26.1
2516	26.58
2517	26.24
2518	25.92
2519	25.43
2520	26.15
2521	26.37
2522	26.16
2523	26.36
2524	26.3
2525	25.95
2526	25.47
2527	24.88
2528	25.06
2529	25.04
2530	24.68
2531	24.03
2532	24.47
2533	24.37
2534	23.53
2535	23.45
2536	23.75
2537	24.31
2538	24.2
2539	24.38
2540	24.11
2541	23.51
2542	23.18
2543	23.14
2544	22.23
2545	22
2546	20.94
2547	21.02
2548	18.55
2549	17.95
2550	20.67
2551	20.84
2552	19.86
2553	19.91
2554	19.35
2555	19.24
2556	18.03
2557	17.43
2558	17.64
2559	18.22
2560	17.54
2561	15.69
2562	17.56
2563	18.96
2564	19.09
2565	18.29
2566	18.12
2567	17.07
2568	16.44
2569	16.4
2570	16.49
2571	16.9
2572	17.23
2573	17.57
2574	17.396
2575	17.222
2576	17.048
2577	16.874
2578	16.7
2579	16.71
2580	16.59875
2581	16.4875
2582	16.37625
2583	16.265
2584	16.15375
2585	16.0425
2586	15.93125
2587	15.82
2588	16.01428571
2589	16.20857143
2590	16.40285714
2591	16.59714286
2592	16.79142857
2593	16.98571429
2594	17.18
2595	17.18
2596	17.09666667
2597	17.01333333
2598	16.93
2599	16.84666667
2600	16.76333333
2601	16.68
2602	16.69
2603	16.65857143
2604	16.62714286
2605	16.59571429
2606	16.56428571
2607	16.53285714
2608	16.50142857
2609	16.47
2610	16.52
2611	15.65
2612	15.71
2613	15.13
2614	14.53
2615	14.58
2616	13.67
2617	14.15
2618	13.57
2619	13.16
2620	12.57
2621	12.4
2622	12.66
2623	12.21
2624	12.89
2625	10.09
2626	10.47
2627	11.11
2628	12.06
2629	12.09
2630	10.43
2631	10.79
2632	11.79
2633	9.58
2634	10.26
2635	10.94
2636	10.8
2637	10.01
2638	10.2
2639	10.25
2640	10.96
2641	10.62
2642	10.53
2643	9.7
2644	10.09
2645	9.78
2646	9.74
2647	9.85
2648	9.84
2649	9.55
2650	9.56
2651	9.01
2652	8.86
2653	8.72
2654	8.79
2655	8.22
2656	8.17
2657	8.51
2658	8.24
2659	7.93
2660	7.8
2661	8.27
2662	8.7
2663	8.31
2664	8.81
2665	8.41
2666	8.9
2667	9.18
2668	8.59
2669	9.095
2670	9.6
2671	9.58
2672	9.53
2673	9.64
2674	9.24
2675	9.5
2676	9.59
2677	9.6
2678	9.62
2679	9.52
2680	9.39
2681	9.6
2682	10.16
2683	10.26
2684	10.44
2685	10.34
2686	10.3
2687	10.06
2688	10.52
2689	11.25
2690	10.95
2691	10.78
2692	9.69
2693	10.07
2694	10.63
2695	10.65
2696	10.85
2697	10.63
2698	10.41
2699	9.47
2700	9.38
2701	9.73
2702	9.79
2703	9.68
2704	9.34
2705	10.74
2706	9.72
2707	9.92
2708	10
2709	10.2
2710	11.5
2711	11.04
2712	11.18
2713	10.97
2714	10.85
2715	9.92
2716	9.51
2717	9.12
2718	9.24
2719	8.63
2720	9.22
2721	11.64
2722	10.91
2723	10.63
2724	11.98
2725	11.65
2726	10.81
2727	9.96
2728	10.15
2729	10.48
2730	10.74
2731	10.16
2732	10.29
2733	9.83
2734	9.28
2735	8.75
2736	9.19
2737	8.73
2738	8.7
2739	8.25
2740	9.04
2741	8.84
2742	7.72
2743	8.25
2744	8.52
2745	9.38
2746	9.28
2747	9.18
2748	8.84
2749	8.96
2750	9.05
2751	8.88
2752	8.68
2753	8.5
2754	8.26
2755	8.545
2756	8.83
2757	10.63
2758	11.17
2759	11.38
2760	11.5
2761	12.03
2762	12.08
2763	11.63
2764	11.27
2765	11.24333333
2766	11.21666667
2767	11.19
2768	10.9
2769	9.96
2770	9.62
2771	9.29
2772	8.9
2773	8.39
2774	8.59
2775	8.75
2776	6.84
2777	5.94
2778	7.44
2779	7.86
2780	7.22
2781	6.78
2782	7.48
2783	8.34
2784	8.03
2785	8.33
2786	8.3
2787	8.31
2788	7.89
2789	7.97
2790	7.68
2791	7.54
2792	7.14
2793	7.16
2794	7.89
2795	8.16
2796	8.08
2797	7.56
2798	7.34
2799	7.38
2800	7.16
2801	6.71
2802	6.55
2803	7.14
2804	7.02
2805	6.91
2806	6.89
2807	6.8
2808	6.9
2809	6.73
2810	6.72
2811	6.72
2812	6.76
2813	6.75
2814	7
2815	6.93
2816	6.77
2817	6.67
2818	6.9
2819	7
2820	6.89
2821	6.77
2822	6.71
2823	6.76
2824	6.62
2825	6.6
2826	6.56
2827	6.53
2828	6.52
2829	6.43
2830	6.285
2831	6.14
2832	6.37
2833	6.32
2834	5.85
2835	6.11
2836	6.2
2837	6.63
2838	6.84
2839	6.59
2840	6.75
2841	7.03
2842	7.41
2843	7.54
2844	7.49
2845	6.84
2846	6.89
2847	7.48
2848	7.71
2849	7.69
2850	7.72
2851	7.75
2852	7.71
2853	7.77
2854	7.7
2855	7.84
2856	7.84
2857	7.9
2858	8.42
2859	8.51
2860	8.71
2861	8.74
2862	8.72
2863	8.45
2864	7.75
2865	7.46
2866	7.53
2867	8.01
2868	8.39
2869	8.73
2870	7.53
2871	7.65
2872	7.8
2873	7.66
2874	7.5
2875	7.43
2876	7.46
2877	7.24
2878	7.73
2879	7.88
2880	7.26
2881	7.61
2882	7.495
2883	7.38
2884	7.43
2885	6.02
2886	5.19
2887	4.77
2888	4.46
2889	4.72
2890	4.73
2891	3.82
2892	3.53
2893	3.71
2894	2.78
2895	2.29
2896	2.07
2897	2.155
2898	2.24
2899	2.77
2900	3.38
2901	3.6
2902	3.67
2903	4.02
2904	3.7
2905	3.33
2906	3.32
2907	3.11
2908	3.1
2909	3.07
2910	3.04
2911	3.31
2912	3.46
2913	3.24
2914	3.29
2915	2.48
2916	2.13
2917	3.84
2918	3.86
2919	4.12
2920	2.87
2921	1.43
2922	1.57
2923	3.14
2924	0.63
2925	-0.06
2926	0.91
2927	-0.4
2928	2.02
2929	0.88
2930	-0.26
2931	0.04
2932	-0.01
2933	0.06
2934	0.51
2935	0.3
2936	0.35
2937	0.49
2938	0.51
2939	0.21
2940	-0.32
2941	-0.15
2942	-0.45
2943	-0.27
2944	-0.43
2945	-0.37
2946	-1.48
2947	-2.2
2948	-1.65
2949	-2.3
2950	-2.37
2951	-2.88
2952	-1.33
2953	0.35
2954	-1.15
2955	-1.355
2956	-1.56
2957	-1.59
2958	-3.27
2959	-3.76
2960	-2.39
2961	-3.45
2962	-5.43
2963	-5.26
2964	-5.46
2965	-5.15
2966	-5.03
2967	-4.74
2968	-4.76
2969	-5.62
2970	-5.64
2971	-5.53
2972	-5.37
2973	-5.52
2974	-5.28
2975	-5.02
2976	-5.3
2977	-5.48
2978	-4.91
2979	-5.13
2980	-5.44
2981	-5.62
2982	-5.82
2983	-5.87
2984	-5.92
2985	-5.78
2986	-5.61
2987	-5.75
2988	-5.95
2989	-6.15
2990	-6.52
2991	-7.23
2992	-7.29
2993	-7.09
2994	-6.98
2995	-6.82
2996	-6.91
2997	-6.99
2998	-6.56
2999	-5.67
3000	-6.41
3001	-6.58
3002	-6.83
3003	-6.53
3004	-5.39
3005	-5.37
3006	-5.33
3007	-5.71
3008	-6.66
3009	-6.82
3010	-6.87
3011	-6.96
3012	-6.92
3013	-7.37
3014	-7.37
3015	-7.32
3016	-7.24
3017	-7.53
3018	-7.68
3019	-7.53
3020	-7.33
3021	-7.44
3022	-7.58
3023	-7.68
3024	-7.55
3025	-7.91
3026	-7.84
3027	-7.63
3028	-7.75
3029	-8.74
3030	-8.2
3031	-7.98
3032	-8.81
3033	-9.83
3034	-10.17
3035	-10.21
3036	-10.07
3037	-9.86
3038	-9.88
3039	-10.04
3040	-10.41
3041	-10.45
3042	-10.125
3043	-9.8
3044	-9.47
3045	-9.8
3046	-9.72
3047	-9.81
3048	-9.45
3049	-9.09
3050	-6.84
3051	-6.29
3052	-3.16
3053	-3.9
3054	-4.61
3055	-5.58
3056	-6.255
3057	-6.93
3058	-7.04
3059	-7.66
3060	-7.42
3061	-7.24
3062	-6.85
3063	-7.63
3064	-6.83
3065	-7.06
3066	-7.88
3067	-7.9
3068	-7.83
3069	-7.48
3070	-7.14
3071	-6.02
3072	-5.46
3073	-5.22
3074	-4.89
3075	-3.17
3076	-1.45
3077	-2.22
3078	-2.92
3079	-2.3
3080	-4.77
3081	-5.5
3082	-5.75
3083	-4.38
3084	-1.04
3085	-0.76
3086	-2.56
3087	-1.01
3088	-0.8
3089	-1.55
3090	-2.05
3091	-3.19
3092	-3.29
3093	-3.39
3094	-3.28
3095	-4
3096	-4.14
3097	-4.83
3098	-4.83
3099	-4.93
3100	-4.25
3101	-3.24
3102	-3.63
3103	-4.37
3104	-4.34
3105	-4.34
3106	-3.4
3107	-2.5
3108	-2.57
3109	-2.9
3110	-3.44
3111	-2.67
3112	-2.69
3113	-2.42
3114	-1.98
3115	-1.54
3116	-2.69
3117	-1.81
3118	-1.46
3119	-0.76
3120	-0.79
3121	-0.56
3122	-0.65
3123	-0.37
3124	-0.34
3125	-0.31
3126	0.11
3127	0.035
3128	-0.04
3129	-0.26
3130	-0.215
3131	-0.17
3132	-0.55
3133	-0.365
3134	-0.18
3135	-0.39
3136	-0.49
3137	-0.59
3138	-0.66
3139	-0.63
3140	-0.6
3141	-0.5
3142	-0.43
3143	-0.36
3144	-0.51
3145	-0.626666667
3146	-0.743333333
3147	-0.86
3148	-0.81
3149	-0.85
3150	-0.89
3151	-0.67
3152	-0.575
3153	-0.48
3154	-0.15
3155	-0.08
3156	1.35
3157	2.78
3158	3.25
3159	3.08
3160	3.8
3161	3.36
3162	3.5
3163	3.15
3164	2.77
3165	2.35
3166	1.58
3167	1.98
3168	1.85
3169	1.92
3170	2.143333333
3171	2.366666667
3172	2.59
3173	2.34
3174	1.86
3175	1.9
3176	2.26
3177	2.19
3178	1.9
3179	1.78
3180	1.63
3181	1.85
3182	1.9
3183	1.57
3184	1.49
3185	1.46
3186	1.43
3187	1.4
3188	0.92
3189	0.9
3190	1.13
3191	0.79
3192	1.03
3193	0.88
3194	0.73
3195	0.91
3196	0.88
3197	0.95
3198	0.85
3199	0.86
3200	1.9
3201	2.55
3202	2.36
3203	2.19
3204	1.85
3205	1.83
3206	1.82
3207	1.26
3208	0.7
3209	0.6
3210	0.5
3211	0.23
3212	0.14
3213	0.57
3214	0.24
3215	0.65
3216	0.8
3217	0.89
3218	0.61
3219	0.39
3220	0.17
3221	0.09
3222	-0.02
3223	-0.89
3224	-2.04
3225	-2.13
3226	-1.34
3227	-1.73
3228	-2.32
3229	-0.93
3230	-0.08
3231	-0.12
3232	-1.66
3233	0.44
3234	1.11
3235	2.2
3236	0.81
3237	2.35
3238	2.88
3239	3.25
3240	2.65
3241	1.06
3242	0.65
3243	2.98
3244	3.27
3245	2.59
3246	2.53
3247	2.47
3248	2.85
3249	1.38
3250	1.85
3251	2.32
3252	2.33
3253	2.46
3254	2.16
3255	2.37
3256	2.37
3257	2.22
3258	2.63
3259	1.67
3260	1.67
3261	0.74
3262	-1.67
3263	-2.03
3264	-1.4
3265	0.07
3266	0.57
3267	0.24
3268	2.97
3269	3.82
3270	4.05
3271	3.99
3272	3.73
3273	4.16
3274	3.9
3275	3.76
3276	3.56
3277	2.7
3278	1.95
3279	2.24
3280	3.56
3281	3.71
3282	3.83
3283	3.76
3284	3.65
3285	3.63
3286	3.37
3287	3.66
3288	3.11
3289	3.4
3290	3.4
3291	3.3075
3292	3.215
3293	3.1225
3294	3.03
3295	3.15
3296	3.09
3297	2.945
3298	2.8
3299	3.48
3300	3.29
3301	2.43
3302	2.19
3303	4.21
3304	4.43
3305	4.52
3306	4.7
3307	4.61
3308	3.52
3309	3.53
3310	3.53
3311	3.6
3312	3.54
3313	3.46
3314	3.48
3315	3.49
3316	3.5
3317	3.51
3318	3.51
3319	3.53
3320	3.47
3321	3.51
3322	3.35
3323	3.34
3324	3.24
3325	3.28
3326	3.24
3327	3.05
3328	2.86
3329	2.905
3330	2.95
3331	3.02
3332	3.095
3333	3.17
3334	3.13
3335	3.175
3336	3.22
3337	3.2
3338	3.196666667
3339	3.193333333
3340	3.19
3341	3.08
3342	3.57
3343	3.46
3344	3.42
3345	3.42
3346	3.2
3347	3.22
3348	2.75
3349	2.84
3350	2.36
3351	2.3
3352	2.57
3353	2.3
3354	2.71
3355	2.58
3356	3.16
3357	2.32
3358	2.43
3359	2.63
3360	2.41
3361	2.44
3362	1.93
3363	2.23
3364	2.53
3365	2.78
3366	2.78
3367	3.02
3368	2.48
3369	2.85
3370	2.34
3371	2.13
3372	2.16
3373	1.96
3374	1.933333333
3375	1.906666667
3376	1.88
3377	1.91
3378	1.93
3379	1.95
3380	1.97
3381	1.92
3382	1.99
3383	1.98
3384	1.73
3385	1.73
3386	1.81
3387	1.57
3388	1.48
3389	1.58
3390	1.52
3391	1.33
3392	1.46
3393	1.33
3394	1.27
3395	1.28
3396	1.28
3397	1.2
3398	1.3
3399	1.4
3400	1.22
3401	1.3
3402	1.32
3403	1.36
3404	1.52
3405	1.86
3406	1.99
3407	1.96
3408	1.95
3409	1.67
3410	1.58
3411	1.665
3412	1.75
3413	1.71
3414	1.65
3415	1.48
3416	1.53
3417	1.58
3418	1.63
3419	1.68
3420	1.73
3421	1.74
3422	1.7475
3423	1.755
3424	1.7625
3425	1.77
3426	1.73
3427	1.7475
3428	1.765
3429	1.7825
3430	1.8
3431	1.782857143
3432	1.765714286
3433	1.748571429
3434	1.731428571
3435	1.714285714
3436	1.697142857
3437	1.68
3438	1.67
3439	1.751666667
3440	1.833333333
3441	1.915
3442	1.996666667
3443	2.078333333
3444	2.16
3445	2.34
3446	2.02
3447	1.7
3448	1.38
3449	1.21
3450	1.15
3451	1.27
3452	0.99
3453	1.05
3454	1.18
3455	1.24
3456	1.26
3457	1.236666667
3458	1.213333333
3459	1.19
3460	1.27
3461	1.24
3462	1.15
3463	1.06
3464	1.15
3465	1.06
3466	0.86
3467	1.14
3468	1.29
3469	1.29
3470	1.35
3471	1.13
3472	0.89
3473	1.16
3474	1.09
3475	1.15
3476	0.78
3477	0.31
3478	0.63
3479	0.72
3480	0.42
3481	0.5
3482	0.5
3483	0.35
3484	-0.52
3485	-0.69
3486	-0.63
3487	-0.78
3488	-0.76
3489	-0.76
3490	-0.935
3491	-1.11
3492	-0.72
3493	-1.37
3494	-1.62
3495	-1.06
3496	-1.02
3497	-1
3498	-1.29
3499	-1.23
3500	0.24
3501	-0.39
3502	-0.47
3503	-0.345
3504	-0.22
3505	0.58
3506	0.52
3507	0.55
3508	0.5
3509	0.45
3510	0.5
3511	0.475
3512	0.45
3513	0.41
3514	0.2
3515	-0.52
3516	-0.59
3517	-0.38
3518	-0.57
3519	-0.65
3520	-0.91
3521	-0.84
3522	-1.15
3523	-1.16
3524	-0.37
3525	-0.29
3526	-0.37
3527	-0.43
3528	-0.14
3529	-0.16
3530	-0.24
3531	-0.59
3532	-0.57
3533	-0.55
3534	-1.25
3535	-1.13
3536	-1.27
3537	-1.45
3538	-1.65
3539	-1.7
3540	-1.603333333
3541	-1.506666667
3542	-1.41
3543	-1.31
3544	-1.36
3545	-0.7
3546	-0.34
3547	-0.07
3548	-0.74
3549	-0.2
3550	-0.46
3551	-0.89
3552	-0.8
3553	-0.95
3554	-0.7
3555	-0.69
3556	-0.78
3557	-0.7
3558	-0.59
3559	-0.64
3560	-0.38
3561	-0.41
3562	-0.51
3563	-0.61
3564	-0.89
3565	-0.81
3566	-0.74
3567	-0.79
3568	-0.6
3569	-0.64
3570	-0.515
3571	-0.39
3572	-0.65
3573	-0.54
3574	-0.54
3575	-0.53
3576	-0.52
3577	-0.76
3578	-0.78
3579	-0.55
3580	-0.58
3581	-0.61
3582	-0.52
3583	-0.21
3584	-0.05
3585	-0.08
3586	-0.06
3587	-0.73
3588	-0.683333333
3589	-0.636666667
3590	-0.59
3591	-0.38
3592	-0.18
3593	0.02
3594	0.34
3595	0.13
3596	0.07
3597	0
3598	0.01
3599	0.08
3600	0.09
3601	0.1
3602	0.19
3603	0.51
3604	0.45
3605	1.01
3606	1.01
3607	0.69
3608	0.65
3609	0.94
3610	1.27
3611	1.28
3612	1.41
3613	1.16
3614	1.31
3615	1.41
3616	1.37
3617	1.248
3618	1.126
3619	1.004
3620	0.882
3621	0.76
3622	0.79
3623	1.69
3624	1.38
3625	1.92
3626	2.02
3627	1.93
3628	1.77
3629	1.63
3630	1.71
3631	1.65
3632	1.9
3633	1.93
3634	1.98
3635	1.94
3636	1.65
3637	1.05
3638	1.41
3639	1.29
3640	1.16
3641	1.02
3642	0.88
3643	0.95
3644	1.23
3645	1.3
3646	1.27
3647	0.96
3648	0.99
3649	1
3650	0.79
3651	0.87
3652	0.97
3653	0.06
3654	-0.25
3655	-0.55
3656	-0.33
3657	-0.11
3658	-0.0675
3659	-0.025
3660	0.0175
3661	0.06
3662	0.31
3663	0.56
3664	0.81
3665	0.55
3666	-0.09
3667	0.72
3668	0.61
3669	0.5
3670	0.53
3671	0.32
3672	0.44
3673	0.41
3674	0.36
3675	0.34
3676	0.24
3677	0.12
3678	0.05
3679	0.06
3680	0.46
3681	0.26
3682	0.135
3683	0.01
3684	-0.09
3685	0.2
3686	0.09
3687	0.01
3688	0
3689	-0.05
3690	0.08
3691	0.08
3692	0.03
3693	-0.005
3694	-0.04
3695	-0.22
3696	-0.21
3697	0
3698	0.04
3699	-0.22
3700	-0.85
3701	-0.16
3702	-0.95
3703	-0.81
3704	-0.67
3705	-0.82
3706	-0.81
3707	-0.81
3708	-0.89
3709	-1.26
3710	-1.26
3711	-1.28
3712	-1.3
3713	-1.21
3714	-1.156666667
3715	-1.103333333
3716	-1.05
3717	-1.21
3718	-1.3
3719	-1.24
3720	-1.03
3721	-0.92
3722	-0.83
3723	-0.74
3724	-0.65
3725	-0.62
3726	-0.47
3727	-0.44
3728	-0.64
3729	-0.25
3730	-0.45
3731	-0.17
3732	-0.47
3733	-0.64
3734	-0.25
3735	-0.35
3736	-0.5
3737	-0.35
3738	-0.27
3739	0.21
3740	0.26
3741	0.37
3742	0.16
3743	0.15
3744	0.045
3745	-0.06
3746	-0.02
3747	-0.13
3748	-0.24
3749	-0.2
3750	-0.2
3751	-0.29
3752	-0.27
3753	-0.29
3754	0.2
3755	0.34
3756	0.34
3757	0.28
3758	0.8
3759	0.72
3760	0.7
3761	0.84
3762	0.863333333
3763	0.886666667
3764	0.91
3765	0.92
3766	1.07
3767	0.96
3768	0.86
3769	0.49
3770	0.48
3771	0.4
3772	0.33
3773	0.59
3774	0.67
3775	0.55
3776	0.52
3777	0.44
3778	0.35
3779	0.47
3780	0.41
3781	0.38
3782	0.55
3783	0.63
3784	0.84
3785	1.37
3786	1.56
3787	1.82
3788	1.93
3789	2.17
3790	2.09
3791	1.9
3792	2.04
3793	2.23
3794	2.065
3795	1.9
3796	2.02
3797	2.3
3798	2.23
3799	2.42
3800	2.32
3801	2.22
3802	2.17
3803	2.23
3804	2.36
3805	2.61
3806	2.58
3807	2.79
3808	2.94
3809	2.97
3810	3.03
3811	3
3812	2.89
3813	2.89
3814	2.9
3815	2.88
3816	2.84
3817	2.7
3818	2.7
3819	2.45
3820	2.77
3821	2.796666667
3822	2.823333333
3823	2.85
3824	2.95
3825	2.81
3826	2.72
3827	2.63
3828	2.48
3829	2.27
3830	2.19
3831	2.07
3832	2.11
3833	2.51
3834	2.91
3835	3.01
3836	2.93
3837	3
3838	2.93
3839	2.64
3840	2.09
3841	1.79
3842	1.95
3843	1.856666667
3844	1.763333333
3845	1.67
3846	1.56
3847	1.64
3848	1.71
3849	1.91
3850	1.57
3851	1.89
3852	1.836
3853	1.782
3854	1.728
3855	1.674
3856	1.62
3857	1.78
3858	1.62
3859	1.61
3860	1.69
3861	1.71
3862	1.59
3863	1.51
3864	1.47
3865	1.45
3866	1.23
3867	1.11
3868	0.96
3869	0.99
3870	0.98
3871	1.05
3872	1.53
3873	1.58
3874	1.38
3875	1.28
3876	1.59
3877	1.43
3878	1.95
3879	2.13
3880	1.93
3881	1.9
3882	1.88
3883	1.76
3884	1.64
3885	1.77
3886	1.8
3887	1.71
3888	1.71
3889	1.67
3890	1.76
3891	1.68
3892	1.716666667
3893	1.753333333
3894	1.79
3895	1.73
3896	1.92
3897	1.78
3898	1.55
3899	1.6
3900	1.63
3901	1.62
3902	1.56
3903	1.63
3904	1.6
3905	1.625
3906	1.65
3907	1.66
3908	1.62
3909	1.555
3910	1.49
3911	1.49
3912	1.64
3913	1.56
3914	1.87
3915	1.94
3916	1.84
3917	1.7
3918	1.56
3919	1.66
3920	1.93
3921	1.92
3922	1.77
3923	1.57
3924	1.705
3925	1.84
3926	1.71
3927	1.75
3928	1.62
3929	1.63
3930	1.58
3931	1.61
3932	1.57
3933	1.54
3934	1.4
3935	1.26
3936	1.19
3937	1.145
3938	1.1
3939	1.07
3940	0.92
3941	1.02
3942	1.03
3943	0.96
3944	1.12
3945	0.66
3946	0.84
3947	0.79
3948	0.71
3949	0.65
3950	0.64
3951	0.63
3952	0.56
3953	0.61
3954	0.99
3955	0.69
3956	0.03
3957	0.06
3958	-0.22
3959	-0.01
3960	0.66
3961	0.63
3962	0.84
3963	0.39
3964	0.3919375
3965	0.393875
3966	0.3958125
3967	0.39775
3968	0.3996875
3969	0.401625
3970	0.4035625
3971	0.4055
3972	0.4074375
3973	0.409375
3974	0.4113125
3975	0.41325
3976	0.4151875
3977	0.417125
3978	0.4190625
3979	0.421
3980	0.4229375
3981	0.424875
3982	0.4268125
3983	0.42875
3984	0.4306875
3985	0.432625
3986	0.4345625
3987	0.4365
3988	0.4384375
3989	0.440375
3990	0.4423125
3991	0.44425
3992	0.4461875
3993	0.448125
3994	0.4500625
3995	0.452
3996	0.4539375
3997	0.455875
3998	0.4578125
3999	0.45975
4000	0.4616875
4001	0.463625
4002	0.4655625
4003	0.4675
4004	0.4694375
4005	0.471375
4006	0.4733125
4007	0.47525
4008	0.4771875
4009	0.479125
4010	0.4810625
4011	0.483
4012	0.4849375
4013	0.486875
4014	0.4888125
4015	0.49075
4016	0.4926875
4017	0.494625
4018	0.4965625
4019	0.4985
4020	0.5004375
4021	0.502375
4022	0.5043125
4023	0.50625
4024	0.5081875
4025	0.510125
4026	0.5120625
4027	0.514
4028	0.5159375
4029	0.517875
4030	0.5198125
4031	0.52175
4032	0.5236875
4033	0.525625
4034	0.5275625
4035	0.5295
4036	0.5314375
4037	0.533375
4038	0.5353125
4039	0.53725
4040	0.5391875
4041	0.541125
4042	0.5430625
4043	0.545
4044	0.5469375
4045	0.548875
4046	0.5508125
4047	0.55275
4048	0.5546875
4049	0.556625
4050	0.5585625
4051	0.5605
4052	0.5624375
4053	0.564375
4054	0.5663125
4055	0.56825
4056	0.5701875
4057	0.572125
4058	0.5740625
4059	0.576
4060	0.5779375
4061	0.579875
4062	0.5818125
4063	0.58375
4064	0.5856875
4065	0.587625
4066	0.5895625
4067	0.5915
4068	0.5934375
4069	0.595375
4070	0.5973125
4071	0.59925
4072	0.6011875
4073	0.603125
4074	0.6050625
4075	0.607
4076	0.6089375
4077	0.610875
4078	0.6128125
4079	0.61475
4080	0.6166875
4081	0.618625
4082	0.6205625
4083	0.6225
4084	0.6244375
4085	0.626375
4086	0.6283125
4087	0.63025
4088	0.6321875
4089	0.634125
4090	0.6360625
4091	0.638
4092	0.6399375
4093	0.641875
4094	0.6438125
4095	0.64575
4096	0.6476875
4097	0.649625
4098	0.6515625
4099	0.6535
4100	0.6554375
4101	0.657375
4102	0.6593125
4103	0.66125
4104	0.6631875
4105	0.665125
4106	0.6670625
4107	0.669
4108	0.6709375
4109	0.672875
4110	0.6748125
4111	0.67675
4112	0.6786875
4113	0.680625
4114	0.6825625
4115	0.6845
4116	0.6864375
4117	0.688375
4118	0.6903125
4119	0.69225
4120	0.6941875
4121	0.696125
4122	0.6980625
4123	0.7
4124	0.98
4125	1.05
4126	1.07
4127	1.14
4128	1.42
4129	1.25
4130	1.45
4131	1.75
4132	1.89
4133	1.84
4134	1.1
4135	1.41
4136	1.75
4137	1.62
4138	1.49
4139	1.36
4140	1.61
4141	1.79
4142	1.96
4143	2.11
4144	1.76
4145	0.23
4146	0.505
4147	0.78
4148	1.02
4149	1.35
4150	0.87
4151	2.06
4152	2.03
4153	1.76
4154	1.62
4155	1.43
4156	1.78
4157	1.51
4158	0.99
4159	1.18
4160	1.27
4161	1.23
4162	1
4163	1.05
4164	0.895
4165	0.74
4166	0.585
4167	0.43
4168	0.35
4169	0.37
4170	0.56
4171	0.51
4172	0.41
4173	0.6
4174	0.2
4175	0.14
4176	0.13
4177	0.05
4178	0.75
4179	0.45
4180	0.96
4181	1.31
4182	1.03
4183	1.02
4184	1.21
4185	1.02
4186	1.04
4187	1.22
4188	0.93
4189	-0.12
4190	-0.185
4191	-0.25
4192	-1.14
4193	-1.65
4194	-1.37
4195	-1.18
4196	-1.37
4197	-1.28
4198	-0.88
4199	-0.65
4200	-0.71
4201	-0.38
4202	0.46
4203	0.37
4204	-0.07
4205	0.37
4206	1.22
4207	1.54
4208	1.52
4209	1.21
4210	1.32
4211	1.19
4212	1.31
4213	1.49
4214	1.03
4215	0.92
4216	1.3
4217	1.17
4218	1.04
4219	0.52
4220	0.19
4221	-0.03
4222	-0.33
4223	-0.35
4224	-0.66
4225	-1.18
4226	-1.13
4227	-2.13
4228	-2.06
4229	-1.99
4230	-2.04
4231	-2.01
4232	-1.31
4233	-1.44
4234	-1.97
4235	-1.96
4236	-1.86
4237	-1.97
4238	-2.01
4239	-1.82
4240	-1.74
4241	-1.82
4242	-1.9
4243	-1.66
4244	-1.31
4245	-1.18
4246	-1.12
4247	-0.93
4248	-1.08
4249	-1.19
4250	-1.61
4251	-1.8
4252	-1.46
4253	-1.41
4254	-1.4
4255	-0.91
4256	-0.53
4257	-0.51
4258	-0.36
4259	-0.36
4260	-0.18
4261	-0.18
4262	-0.27
4263	-0.335
4264	-0.4
4265	-0.41
4266	-0.34
4267	-0.27
4268	-0.2
4269	-0.19
4270	-0.09
4271	-0.03
4272	0
4273	0.08
4274	0.16
4275	0.06
4276	0.11
4277	0.16
4278	0.17
4279	0.12
4280	0.07
4281	0.64
4282	0.61
4283	0.79
4284	1.01
4285	0.845
4286	0.68
4287	0.53
4288	0.58
4289	0.67
4290	0.66
4291	0.65
4292	0.72
4293	0.64
4294	0.64
4295	0.74
4296	0.74
4297	0.65
4298	0.693333333
4299	0.736666667
4300	0.78
4301	0.85
4302	0.67
4303	0.77
4304	0.9
4305	1.3
4306	1.46
4307	1.24
4308	0.97
4309	0.96
4310	0.95
4311	1.25
4312	1.63
4313	1.41
4314	0.94
4315	0.78
4316	0.6
4317	0.26
4318	0.4
4319	0.17
4320	0
