1	12.57
2	12.69
3	13.62
4	13.11
5	12.88
6	11.97
7	12.83
8	13.15
9	12.74
10	12.72
11	12.72
12	13.0925
13	13.465
14	13.8375
15	14.21
16	14.21
17	14.21
18	14.31166667
19	14.41333333
20	14.515
21	14.61666667
22	14.71833333
23	14.82
24	14.75
25	14.32
26	14.31
27	15.19
28	14.98
29	12.37
30	14.4
31	13.92
32	13.06
33	13.41
34	13.96
35	13.81
36	13.36
37	11.95
38	11.96
39	12.185
40	12.41
41	12.22
42	11.56
43	11.41
44	11.17
45	11.08
46	10.9
47	10.7
48	10.48285714
49	10.26571429
50	10.04857143
51	9.831428571
52	9.614285714
53	9.397142857
54	9.18
55	9.41
56	9.61
57	9.76
58	9.76
59	10.72
60	11.15
61	11.28
62	10.04
63	10.04
64	10.63
65	10.81
66	11.05
67	11.2
68	11.59
69	11.92
70	11.1
71	10.84
72	10.9
73	10.16
74	10.17
75	10.21
76	10.21
77	11.35
78	11.35
79	11.35
80	9.88
81	9.96
82	10.83
83	11.08
84	10.26
85	10.26
86	10.26
87	11.23
88	10.93
89	10.77
90	11.08
91	10.97
92	10.94
93	11.17
94	11.21
95	11.5
96	11.31
97	11.11
98	11.15
99	11.17
100	11.53
101	11.78
102	12.03
103	12.03
104	11.81
105	11.81
106	11.84
107	11.84
108	11.81
109	11.83
110	12.16
111	11.57
112	11.16
113	10.75
114	10.75
115	10.63
116	10.39
117	10.15
118	10.18
119	10.24
120	10.48
121	10.49
122	11.23
123	11.23
124	10.3
125	10.35
126	10.75
127	10.75
128	10.85
129	10.75
130	10.6
131	10.51
132	11
133	11.02
134	10.88
135	10.97
136	9.14
137	9.36
138	9.85
139	10.255
140	10.66
141	10.66
142	10.11
143	10.16
144	10.45
145	9.79
146	9.66
147	9.61
148	10.36
149	10.12
150	9.64
151	9.47
152	9.3
153	9.31
154	9.83
155	9.86
156	9.993333333
157	10.12666667
158	10.26
159	10.19
160	11.17
161	10.98
162	10.67
163	10.875
164	11.08
165	11.08
166	11.34
167	11.18
168	11.46
169	11.57
170	9.76
171	9.77
172	10.91
173	10.91
174	10.66
175	10.55
176	10.03
177	10.1
178	9.89
179	10.6
180	10.6
181	10.87
182	10.97
183	11.04
184	10.34
185	10.42
186	10.86
187	10.68
188	10.66
189	10.66
190	11.38
191	11.38
192	9.77
193	9.77
194	10.28
195	10.56
196	10.54
197	10.56
198	11.21
199	9.98
200	9.78
201	10.29
202	10.87
203	10.55
204	10.47
205	10.39
206	10.4
207	10.4
208	10.29
209	10.35
210	10.45
211	10.455
212	10.46
213	10.46
214	10.46
215	10.48
216	10.48
217	10.93
218	10.87
219	10.77
220	10.82
221	10.69
222	11.01
223	11.37
224	11.39
225	10.97
226	10.86
227	10.44
228	10.67
229	10.33
230	10.39
231	10.47
232	10.36
233	10.37
234	10.8
235	10.93
236	11
237	10.97
238	10.94
239	10.91
240	10.81
241	10.4
242	10.28
243	10.4
244	10.4
245	10.43
246	10.34
247	10.25
248	10.24
249	10.23
250	9.92
251	9.77
252	10.86
253	10.86
254	10.86
255	9.36
256	9.36
257	9.516666667
258	9.673333333
259	9.83
260	9.79
261	10.63
262	11.35
263	10.13
264	10.04
265	9.96
266	9.88
267	9.88
268	9.22
269	9.63
270	9.89
271	9.74
272	9.41
273	9.01
274	9.33
275	10.88
276	11.64
277	10.46
278	9.76
279	9.09
280	9.5
281	9.5
282	9.31
283	9.31
284	9.5
285	9.48
286	8.99
287	9.64
288	9.533333333
289	9.426666667
290	9.32
291	9.47
292	9.81
293	10.08
294	10.35
295	9.92
296	9.09
297	8.61
298	8.61
299	9.57
300	9.57
301	8.88
302	8.84
303	9.59
304	9.59
305	9.25
306	8.91
307	8.91
308	8.91
309	9.61
310	9.19
311	8.78
312	9.2375
313	9.695
314	10.1525
315	10.61
316	10.45
317	10.02
318	9.59
319	9.55
320	11.51
321	11.51
322	12.6
323	13.04
324	12.88857143
325	12.73714286
326	12.58571429
327	12.43428571
328	12.28285714
329	12.13142857
330	11.98
331	11.53
332	11.29
333	10.91
334	10.88
335	10.4
336	10.48
337	10.59
338	10.74
339	11.27
340	11.62
341	12.78666667
342	13.95333333
343	15.12
344	16.28666667
345	17.45333333
346	18.62
347	18.41
348	16.49
349	22.4
350	23.81
351	14.54
352	18.6
353	21.44
354	28.85
355	28.85
356	28.54
357	26.89
358	25.73
359	22.38
360	22.38
361	25.49
362	25.49
363	25.48
364	26
365	26
366	26.08
367	26.55
368	26.72
369	26.72
370	25.485
371	24.25
372	24.25
373	25.72
374	25.71
375	25.2
376	25.01
377	25.02
378	25.56
379	26.15
380	28.34
381	28.34
382	26.85
383	26.85
384	26.11
385	26.13
386	26.68
387	26.8
388	28.37
389	27.98
390	27.44
391	27.66
392	27.68
393	28.52
394	27.67
395	27.03
396	26.99
397	29.4
398	29.4
399	27.47
400	27.47
401	32.4
402	32.4
403	28.06
404	26.99
405	27.205
406	27.42
407	27.82
408	27.91
409	27.5
410	27.5
411	27.35
412	27.66
413	29.36
414	24.17
415	24.16
416	23.62
417	23.16
418	23.13
419	23.89
420	23.89
421	23.89
422	22.18
423	22.18
424	22.57
425	22.67
426	22.96
427	22.97
428	24.11
429	24.11
430	24.11
431	22.63
432	22.63
433	22.72
434	24.96
435	24.47
436	23.06
437	23.68
438	23.72
439	26.7
440	26.7
441	21.31
442	22.02
443	24.13
444	24.15
445	24.15
446	24.25
447	24.3
448	24.3
449	24.29
450	24.29
451	25.17
452	25.29
453	25.51
454	25.49
455	25.49
456	24.8
457	24.79
458	24.55
459	23.15
460	23.04
461	23.05
462	26.24
463	26.08
464	25.13
465	24.99
466	24.02
467	25.18
468	26.03
469	25.33
470	24.74
471	24.3
472	24.3
473	25.93
474	26.1
475	26.42
476	26.49
477	24.85
478	24.61
479	24.45
480	25.55
481	25.55
482	25.51
483	25.51
484	24.385
485	23.26
486	23.26
487	22.57
488	22.57
489	22.57
490	23.04333333
491	23.51666667
492	23.99
493	23.1
494	23.01
495	24.37
496	24.47
497	24.95
498	24.27
499	23.51
500	23.27
501	21.24
502	20.9
503	23.02
504	23.02
505	23.02
506	23.32
507	23.32
508	21.51
509	22.47
510	24.04
511	26.16
512	26.06
513	22.65
514	22.65
515	21.05
516	20.96
517	20.93
518	21.05
519	21.73
520	21.8
521	20.3
522	19.46
523	19.565
524	19.67
525	19.67
526	21.455
527	23.24
528	23.24
529	22.01
530	22.64
531	21.8
532	22.44
533	22.19
534	22.14
535	23.51
536	23.52
537	24.07
538	23.89
539	23.29
540	21.26
541	21.64
542	22.49
543	23.07
544	21.78
545	21.69
546	21.54
547	21.54
548	21.97333333
549	22.40666667
550	22.84
551	22.84
552	22.25
553	20.77
554	20.38
555	21.27
556	21.27
557	22.09
558	22.91
559	22.91
560	21.81
561	21.37
562	20.76333333
563	20.15666667
564	19.55
565	20.41
566	21.06
567	21.186
568	21.312
569	21.438
570	21.564
571	21.69
572	21.69
573	21.69
574	22.36
575	22.37
576	22.45
577	22.46
578	21.46
579	20.46
580	20.46
581	20.46
582	20.88
583	20.88
584	22.06
585	22.07
586	22.08
587	22.06
588	20.08
589	20.76
590	20.9
591	21.22
592	20.67
593	19.09
594	19.38
595	19.42
596	20.64
597	20.65
598	19.975
599	19.3
600	19.3
601	19.3
602	20.33
603	21.66
604	20.14
605	19.9
606	20.38
607	20.44666667
608	20.51333333
609	20.58
610	20.75
611	19.98
612	19.46
613	19.235
614	19.01
615	19.03
616	19.4
617	18.52
618	17.95
619	19.22
620	18.81
621	18.49
622	18.11
623	17.84
624	16.86
625	16.88
626	16.92
627	17.51
628	17.5
629	15.16
630	15.16
631	16.205
632	17.25
633	17.25
634	17.25
635	20.12
636	20.12
637	20.12
638	20.19
639	20.19
640	19.76
641	19.33
642	19.33
643	19.33
644	18.435
645	17.54
646	17.54
647	16.82
648	16.47
649	16.47
650	17.505
651	18.54
652	18.67
653	19.36
654	19.98
655	18.97
656	18.65
657	17.12
658	18.44
659	18.47
660	17.75
661	17.75
662	17.99
663	17.73
664	18.37
665	18.35
666	19.04
667	18.03
668	17.02
669	16.94
670	15.53
671	16.53
672	16.27
673	16.64
674	17.01
675	17.38
676	16.62
677	17.44
678	18.08
679	18.08
680	19.85
681	19.85
682	18.4
683	18.09
684	17.44
685	17.4
686	17.738
687	18.076
688	18.414
689	18.752
690	19.09
691	19.18
692	18.5
693	18.44
694	18.50333333
695	18.56666667
696	18.63
697	18.63
698	19.29
699	19.29
700	18.02
701	17.73
702	15.48
703	15.99
704	16.46
705	17.16
706	17.83
707	17.44
708	17.4
709	17.53
710	17.53
711	17.43
712	17.43
713	17.43
714	17.43
715	17.43
716	17.575
717	17.72
718	17.72
719	17.08
720	17.08
721	17.21
722	17.22
723	17.47
724	17.27
725	17.23
726	16.77
727	16.85
728	17.1
729	17.65
730	17.68
731	17.24
732	16.8
733	16.63
734	14.57
735	14.57
736	17.84
737	18.51
738	16.63
739	15.78
740	15.49
741	18.03
742	17.95
743	17.7
744	17.94
745	17.94
746	17.74
747	17.54
748	17.75
749	17.81
750	17.96
751	18.07
752	18.24
753	17.87333333
754	17.50666667
755	17.14
756	17.14
757	17.26
758	17.02
759	16.65
760	19.22
761	19.22
762	18.82
763	15.51
764	15.51
765	15.51
766	15.80333333
767	16.09666667
768	16.39
769	16.39
770	16.11
771	16.17
772	17.54
773	17.76
774	17.76
775	15.98
776	16.58
777	19.08
778	19.3
779	15.29
780	14.98
781	14.88
782	16.7
783	16.7
784	16.21333333
785	15.72666667
786	15.24
787	15.56
788	15.77
789	16.5
790	16.56
791	16.69
792	16.77
793	16.2
794	15.83
795	15.11
796	15.12
797	16.52
798	16.54
799	16.46
800	16.63
801	16.59
802	16.18
803	16.14
804	16.67
805	16.67
806	16.43333333
807	16.19666667
808	15.96
809	16.44
810	17.26
811	17.76
812	16.84
813	15.92
814	15.79
815	14.28
816	14.12
817	14.21666667
818	14.31333333
819	14.41
820	14.50666667
821	14.60333333
822	14.7
823	14.24
824	13.69
825	13.74727273
826	13.80454545
827	13.86181818
828	13.91909091
829	13.97636364
830	14.03363636
831	14.09090909
832	14.14818182
833	14.20545455
834	14.26272727
835	14.32
836	14.32
837	14.35166667
838	14.38333333
839	14.415
840	14.44666667
841	14.47833333
842	14.51
843	14.51
844	14.51
845	15.39
846	15.39
847	15.39
848	16.46
849	16.46
850	13.61
851	13.02
852	13.47
853	13.47
854	14.09
855	14.33
856	15.29
857	15.29
858	15.465
859	15.64
860	14.87
861	15.58
862	13.98
863	14.41
864	14.77
865	14.075
866	13.38
867	13.38
868	13.38
869	14.17
870	14.96
871	14.96
872	14.714
873	14.468
874	14.222
875	13.976
876	13.73
877	12.98
878	12.6
879	16.06
880	16.06
881	16.06
882	15.86
883	15.72
884	15.70125
885	15.6825
886	15.66375
887	15.645
888	15.62625
889	15.6075
890	15.58875
891	15.57
892	15.57
893	14.17
894	14.17
895	14.02
896	13.87
897	13.72
898	13.57
899	13.57
900	13.08
901	14.31
902	15
903	12.66
904	12.69
905	13.65
906	13.65
907	13.34
908	13.08
909	12.88
910	12.62
911	12.63
912	12.84
913	12.84
914	13.05857143
915	13.27714286
916	13.49571429
917	13.71428571
918	13.93285714
919	14.15142857
920	14.37
921	14.37
922	13.46
923	13.22
924	13.95
925	14.58
926	14.63
927	13.46
928	13.43
929	15.98
930	13.83
931	12.79
932	12.39
933	12.38
934	12.21
935	12.21
936	12.93
937	12.15
938	12.9
939	13.94
940	13.5
941	13.06
942	12.62
943	12.18
944	12.18
945	11.91
946	11.96
947	12.1
948	12.59
949	12.63
950	12.15
951	12.15
952	12.9
953	12.57
954	12.67
955	12.85
956	12.786
957	12.722
958	12.658
959	12.594
960	12.53
961	12.53
962	12.86
963	12.55
964	12.06
965	13.47
966	13.67
967	13.77
968	13.645
969	13.52
970	13.395
971	13.27
972	13.145
973	13.02
974	13.02
975	13.65
976	13.71
977	13.71
978	13.19
979	13.19
980	13.42
981	13.42
982	12.98
983	13.5
984	13.63
985	13.32
986	13.32
987	13.34
988	13.36
989	13.36
990	13.36
991	13.2
992	13.04
993	12.88
994	12.72
995	12.56
996	12.4
997	12.31
998	12.07
999	12.24
1000	12.24
1001	12.55
1002	12.75
1003	13.41
1004	13.44
1005	13.08
1006	13.03
1007	12.95
1008	12.95
1009	12.95
1010	13.05
1011	13.05
1012	12.824
1013	12.598
1014	12.372
1015	12.146
1016	11.92
1017	11.92
1018	11.71
1019	11.87
1020	12.47
1021	12.03
1022	12.43
1023	12.43
1024	12.65333333
1025	12.87666667
1026	13.1
1027	12.9
1028	12.67
1029	12.66
1030	12.66
1031	12.66
1032	12.58
1033	12.59
1034	13.78
1035	13.37
1036	13.06
1037	13.05
1038	13.45333333
1039	13.85666667
1040	14.26
1041	14.26
1042	14.29
1043	14.46
1044	14.75
1045	14.13
1046	13.97
1047	13.94
1048	13.24
1049	12.54
1050	12.54
1051	13.89
1052	13.83
1053	13.36
1054	13.03
1055	13.39
1056	13.37
1057	12.38
1058	12.33
1059	12.29
1060	13.36
1061	13.21
1062	12.81
1063	12.59
1064	12.64363636
1065	12.69727273
1066	12.75090909
1067	12.80454545
1068	12.85818182
1069	12.91181818
1070	12.96545455
1071	13.01909091
1072	13.07272727
1073	13.12636364
1074	13.18
1075	13.18
1076	12.57
1077	11.96
1078	11.96
1079	12.21
1080	12.75
1081	13.48
1082	14.68
1083	14.68
1084	11.89
1085	11.57
1086	11.42
1087	12
1088	12.83
1089	12.6
1090	12.24
1091	12.27
1092	12.39
1093	12.21
1094	12.57
1095	12.458
1096	12.346
1097	12.234
1098	12.122
1099	12.01
1100	12.01
1101	11.48
1102	10.95
1103	10.97
1104	11.53
1105	11.82
1106	12.31
1107	11.88
1108	11.17
1109	11.01
1110	11.59
1111	11.05
1112	10.64
1113	10.89
1114	10.94
1115	12.1
1116	12.37
1117	12.98
1118	12.99
1119	11.82
1120	29.77
1121	33.75
1122	61.31
1123	27.19
1124	16.09
1125	16.13
1126	39.68
1127	28.94
1128	15.82
1129	32.32
1130	26.51
1131	35.47
1132	39.42
1133	57.86
1134	60.28
1135	53.58
1136	54.15
1137	54.8
1138	46.75
1139	50.52
1140	58.77
1141	58.67
1142	56.38
1143	57.37
1144	57.47
1145	62.22
1146	61.32
1147	54.97
1148	55.95
1149	54.64
1150	48.78
1151	47.03
1152	50.56
1153	50.56
1154	48.21
1155	45.86
1156	45.86
1157	43.38
1158	39.45
1159	32.38
1160	38.4
1161	35.15
1162	36.27
1163	39.27
1164	38.17
1165	35.89
1166	36.63
1167	41.84
1168	45.53
1169	46.1
1170	47.88
1171	47.88
1172	43.09
1173	43.73
1174	43.36
1175	42.72
1176	42.07
1177	44.27
1178	45.64
1179	41.39
1180	41.39
1181	45.52
1182	46.39
1183	53.07666667
1184	59.76333333
1185	66.45
1186	66.39
1187	64.94
1188	69
1189	71.21
1190	68.36
1191	68.26
1192	68.26
1193	63.93
1194	59.6
1195	59.74
1196	62.91
1197	62.91
1198	52.37
1199	52.41
1200	53.25
1201	53.77
1202	53.93
1203	54.38
1204	52.6
1205	49.84
1206	46.71
1207	46.7
1208	45.395
1209	44.09
1210	44.09
1211	44.75
1212	55.5
1213	56.39
1214	56.61
1215	51.48
1216	51.77
1217	49.59
1218	49.52
1219	48.27
1220	48.25
1221	47.96
1222	47.93
1223	46.83
1224	46.83
1225	51.52
1226	52.51
1227	53.51
1228	58.67
1229	55.3
1230	51.19
1231	50.76
1232	50.33
1233	49.54
1234	48
1235	50.01
1236	50.01
1237	50.48
1238	49.88
1239	42.58
1240	42.57
1241	37.73
1242	37.76
1243	37.82
1244	36.92
1245	36.91
1246	28.5
1247	28.5
1248	34.37
1249	34.37
1250	35.69
1251	33.6
1252	35.31
1253	35.86
1254	36.45
1255	36.45
1256	41.61
1257	46.77
1258	43.46
1259	38.14
1260	37.98
1261	37.82
1262	37.66
1263	37.5
1264	37.5
1265	37.5
1266	35.92
1267	35.45
1268	31.95
1269	36.76
1270	34.84
1271	35.93
1272	36.79
1273	37.97
1274	39.15
1275	39.15
1276	39.15
1277	37.65333333
1278	36.15666667
1279	34.66
1280	34.72
1281	34.82
1282	34.82
1283	34.1
1284	34.15
1285	34.3
1286	35.085
1287	35.87
1288	35.87
1289	33.18
1290	33.18
1291	30.93
1292	30.93
1293	33.02
1294	35.11
1295	37.72
1296	40.05
1297	36.83
1298	36.38
1299	35.79
1300	37.06
1301	36.87333333
1302	36.68666667
1303	36.5
1304	36.5
1305	36.5
1306	37.1
1307	37.1
1308	39.01
1309	39.01
1310	40.53
1311	40.53
1312	41.94
1313	41.95
1314	41.95
1315	40.27
1316	40.27
1317	40.78
1318	41.38
1319	41.43
1320	41.43
1321	43.18
1322	42.22
1323	42.18
1324	43.34
1325	40.73
1326	39.81
1327	40.46
1328	40.8
1329	44.53
1330	44.09
1331	43.67
1332	43.67
1333	42.93
1334	42.66
1335	41.47
1336	37.68
1337	38.23
1338	38.33
1339	38.33
1340	37.67
1341	37.67
1342	39
1343	38.94
1344	35.07
1345	34.76
1346	42.69
1347	42.07
1348	41.59
1349	41.78
1350	41.78
1351	43.55
1352	43.55
1353	45.31
1354	45.29
1355	42.84
1356	42.71
1357	42.51
1358	46.67
1359	47.34
1360	35.62
1361	36.72
1362	37.47
1363	36.81
1364	35.81
1365	32.4
1366	39.78
1367	36.85
1368	36.43
1369	37.49
1370	35.57
1371	30.95
1372	30.95
1373	38.51
1374	37.16
1375	35.21
1376	31.32
1377	31.32
1378	34.02
1379	34.02
1380	29.32
1381	28.33
1382	29.97
1383	29.45
1384	26.31
1385	27.68
1386	27.74
1387	28.13
1388	29.99
1389	32.93
1390	35.87
1391	35.89
1392	32.05
1393	31.84
1394	30.67
1395	30.75
1396	31.71
1397	31.59
1398	31.25
1399	31.79
1400	30.01
1401	31.4
1402	29.91
1403	29.4
1404	29.56
1405	29.15333333
1406	28.74666667
1407	28.34
1408	28.38
1409	28.64
1410	28.68
1411	29.6
1412	29.6
1413	30.1
1414	30.21
1415	30.3
1416	28.51
1417	30.1
1418	31.19
1419	34.82
1420	34.83
1421	34.86
1422	34.86
1423	34.32
1424	33.67
1425	32.51
1426	31.82
1427	31.79
1428	31.94
1429	31.94
1430	29.77
1431	29.82
1432	30.29
1433	30.76
1434	30.2
1435	28.94
1436	27.72
1437	26.34
1438	26.18
1439	28.14
1440	28.09
1441	26.82
1442	26.82
1443	27.58
1444	26.22
1445	25.1
1446	26.88
1447	28.66
1448	28.66
1449	33.87
1450	28.16
1451	24.75
1452	24.94
1453	26
1454	26.31
1455	28.43
1456	28.19
1457	28.02
1458	32.84
1459	32.84
1460	30.28
1461	31.36
1462	31.81
1463	31.12
1464	28.65
1465	28.12
1466	28.59
1467	28.59
1468	32
1469	30.66
1470	24.87
1471	21.36
1472	21.27
1473	21.3625
1474	21.455
1475	21.5475
1476	21.64
1477	21.35
1478	21.2
1479	21.6
1480	20.36
1481	18.29
1482	20.73
1483	21.54
1484	22.81
1485	25.99
1486	26.54
1487	27.21
1488	26.87
1489	26.8
1490	26.5
1491	25.99
1492	22.39
1493	19.72
1494	17.42
1495	14.48
1496	12.23
1497	9.98
1498	9.96
1499	9.7
1500	9.69
1501	9.01
1502	9.01
1503	9.01
1504	9.01
1505	9.05
1506	8.97
1507	8.2
1508	8.13
1509	8.07
1510	8.13
1511	8.34
1512	8.72
1513	8.47
1514	7.8
1515	7.76
1516	8.9
1517	8.9
1518	8.73
1519	8.53
1520	8.56
1521	11.25
1522	11.53
1523	13.04
1524	13.07
1525	13.31
1526	13.66
1527	13.56
1528	12.03
1529	13.5
1530	14.74
1531	15.03
1532	15.18
1533	15.06
1534	15.43
1535	16.6
1536	14.01
1537	13.99
1538	13.2
1539	11.73
1540	10.52
1541	11.92
1542	11.92
1543	12.34
1544	12.34
1545	11.62
1546	11.63
1547	11.87
1548	12.66
1549	12.78
1550	12.93
1551	12.63
1552	12.05
1553	11.06
1554	12.07
1555	12.04
1556	11.81
1557	12.17
1558	11.3
1559	6.28
1560	5.73
1561	5.21
1562	7.23
1563	7.45
1564	7.18
1565	6.91
1566	6.64
1567	6.62
1568	6.28
1569	5.89
1570	5.82
1571	6.3
1572	6.62
1573	7.23
1574	8.23
1575	8.24
1576	8.27
1577	8.35
1578	7.16
1579	7.12
1580	7.57
1581	7.57
1582	5.77
1583	6.02
1584	6.12
1585	6.52
1586	6.4
1587	6.37
1588	5.79
1589	4.83
1590	7.83
1591	7.07
1592	6.69
1593	7.05
1594	6.8
1595	8.48
1596	8.48
1597	6.23
1598	6.28
1599	6.03
1600	6.03
1601	5.96
1602	5.58
1603	5.72
1604	5.72
1605	5.58
1606	5.58
1607	5.08
1608	5.08
1609	5.08
1610	4.245
1611	3.41
1612	3.57
1613	3.95
1614	3.95
1615	5.16
1616	5.16
1617	5.43
1618	5.44
1619	5.08
1620	4.82
1621	4.13
1622	3.56
1623	3.56
1624	3.62
1625	3.62
1626	3.63
1627	3.63
1628	3.49
1629	3.49
1630	3.57
1631	3.5
1632	3.26
1633	3.13
1634	3.29
1635	3.48
1636	4.21
1637	4.02
1638	3.82
1639	3.43
1640	3.32
1641	3.27
1642	2.94
1643	3.16
1644	3.47
1645	3.67
1646	3.58
1647	3.58
1648	3.32
1649	3.35
1650	3.61
1651	3.44
1652	3.42
1653	2.89
1654	2.9
1655	3.12
1656	2.93
1657	3.04
1658	3.41
1659	4.21
1660	4.21
1661	4.42
1662	4.42
1663	4.69
1664	4.86
1665	4.96
1666	3.95
1667	3.95
1668	3.95
1669	4.115
1670	4.28
1671	3.94
1672	3.26
1673	3.32
1674	3.38
1675	3.44
1676	3.5
1677	3.5
1678	3.296666667
1679	3.093333333
1680	2.89
1681	2.99
1682	3.04
1683	3.4
1684	3.46
1685	3.68
1686	3.82
1687	3.18
1688	3.18
1689	3.22
1690	3.45
1691	3.31
1692	2.86
1693	3.43
1694	2.52
1695	3.06
1696	3.15
1697	2.98
1698	3.07
1699	3.05
1700	3.11
1701	3.51
1702	3.52
1703	3.34
1704	3.22
1705	3.1
1706	2.69
1707	2.58
1708	2.55
1709	2.32
1710	2.32
1711	2.08
1712	2.09
1713	2.1
1714	1.95
1715	1.91
1716	1.83
1717	1.82
1718	1.854285714
1719	1.888571429
1720	1.922857143
1721	1.957142857
1722	1.991428571
1723	2.025714286
1724	2.06
1725	2.06
1726	2.04
1727	2.04
1728	2.1
1729	2.16
1730	2.16
1731	2.01
1732	2.01
1733	2.05
1734	2.05
1735	2.09
1736	2.1
1737	2.1
1738	1.98
1739	1.87
1740	1.77
1741	1.77
1742	2.12
1743	2.12
1744	2.1
1745	2.1
1746	2.19
1747	2.18
1748	2.12
1749	2.11
1750	2.53
1751	2.53
1752	2.59
1753	2.59
1754	2.59
1755	2.425
1756	2.26
1757	2.26
1758	2.4325
1759	2.605
1760	2.7775
1761	2.95
1762	2.95
1763	3.06
1764	3.01
1765	2.71
1766	2.67
1767	2.73
1768	2.79
1769	2.85
1770	2.85
1771	2.85
1772	2.7
1773	2.55
1774	2.4
1775	2.47
1776	2.75
1777	2.95
1778	5.73
1779	5.73
1780	4.935
1781	4.14
1782	4.14
1783	4.646666667
1784	5.153333333
1785	5.66
1786	5.66
1787	3.35
1788	3.49
1789	5.08
1790	5.08
1791	4.85
1792	4.85
1793	4.85
1794	2.81
1795	2.91
1796	3.1
1797	4.95
1798	4.26
1799	2.62
1800	2.56
1801	2.49
1802	2.42
1803	2.45
1804	2.42
1805	2.4
1806	2.4
1807	2.365
1808	2.33
1809	2.2
1810	2.16
1811	2.22
1812	2.34
1813	2.35
1814	2.5
1815	2.5
1816	2.42
1817	2.34
1818	2.23
1819	2.11
1820	2.04
1821	2.16
1822	2
1823	1.89
1824	2.03
1825	2.03
1826	2.06
1827	2.1
1828	2.1
1829	2.14
1830	2.03
1831	1.94
1832	1.86
1833	1.82
1834	1.79
1835	1.74
1836	1.68
1837	1.68
1838	1.78
1839	1.78
1840	2.62
1841	2.62
1842	2.84
1843	2.82
1844	2.79
1845	2.34
1846	2.34
1847	2.49
1848	2.49
1849	2.49
1850	2.17
1851	2.17
1852	2.17
1853	2.52
1854	2.5
1855	2.31
1856	2.3
1857	2.07
1858	2.11
1859	2.57
1860	2.63
1861	2.61
1862	2.505
1863	2.4
1864	2.36
1865	2.07
1866	2.08
1867	2.39
1868	2.55
1869	2.33
1870	3.11
1871	3.2
1872	3.31
1873	3.4
1874	3.4
1875	3.35
1876	3.3
1877	3.3
1878	2.915
1879	2.53
1880	2.53
1881	2.53
1882	2.554
1883	2.578
1884	2.602
1885	2.626
1886	2.65
1887	2.65
1888	4.53
1889	4.53
1890	2.39
1891	3.1
1892	3.22
1893	3.686666667
1894	4.153333333
1895	4.62
1896	4.58
1897	3.62
1898	3.776666667
1899	3.933333333
1900	4.09
1901	4.246666667
1902	4.403333333
1903	4.56
1904	4.91
1905	4.4
1906	6.11
1907	6.21
1908	5.29
1909	4.37
1910	4.37
1911	4.553333333
1912	4.736666667
1913	4.92
1914	4.76
1915	3.46
1916	2.53
1917	3.08
1918	2.84
1919	2.69
1920	2.54
1921	2.39
1922	2.39
1923	2.81
1924	2.81
1925	3.58
1926	2.1
1927	1.61
1928	0.92
1929	1.13
1930	1.34
1931	1.34
1932	1.33
1933	1.33
1934	1.31
1935	1.31
1936	1.35
1937	1.43
1938	1.37
1939	1.34
1940	1.51
1941	1.3
1942	1.3
1943	1.3
1944	1.31
1945	1.39
1946	1.4
1947	1.465
1948	1.53
1949	1.5
1950	1.44
1951	1.44
1952	1.04
1953	0.95
1954	1.095
1955	1.24
1956	1.24
1957	1.57
1958	1.56
1959	1.3
1960	1.3
1961	1.21
1962	1.18
1963	1.11
1964	1.11
1965	0.68
1966	0.68
1967	0.68
1968	0.603333333
1969	0.526666667
1970	0.45
1971	0.45
1972	0.39
1973	0.38
1974	0.41
1975	0.41
1976	0.36
1977	0.36
1978	0.37
1979	0.38
1980	0.39
1981	0.4
1982	0.4
1983	0.4
1984	0.37
1985	0.34
1986	0.31
1987	0.28
1988	0.28
1989	0.26
1990	0.26
1991	0.27
1992	0.29
1993	0.29
1994	0.3
1995	0.3
1996	0.27
1997	0.27
1998	0.275
1999	0.28
2000	0.28
2001	0.27
2002	0.27
2003	0.26
2004	0.26
2005	0.26
2006	0.26
2007	0.255
2008	0.25
2009	0.24
2010	0.21
2011	0.225
2012	0.24
2013	0.24
2014	0.24
2015	0.264
2016	0.288
2017	0.312
2018	0.336
2019	0.36
2020	0.35
2021	0.37
2022	0.37
2023	0.37
2024	0.38
2025	0.32
2026	0.31
2027	0.29
2028	0.32
2029	0.33
2030	0.44
2031	0.44
2032	0.445
2033	0.45
2034	0.455
2035	0.46
2036	0.465
2037	0.47
2038	0.47
2039	0.47
2040	0.44
2041	0.44
2042	0.38
2043	0.38
2044	0.36
2045	0.34
2046	0.38
2047	0.38
2048	0.38
2049	0.4
2050	0.41
2051	0.42
2052	0.45
2053	0.45
2054	0.44
2055	0.41
2056	0.45
2057	0.46
2058	0.44
2059	0.41
2060	0.39
2061	0.38
2062	0.25
2063	0.28
2064	0.37
2065	0.31
2066	0.31
2067	0.26
2068	0.24
2069	0.23
2070	0.23
2071	0.23
2072	0.24
2073	0.25
2074	0.28
2075	0.27
2076	0.27
2077	0.27
2078	0.24
2079	0.24
2080	0.24
2081	0.18
2082	0.16
2083	0.15
2084	0.14
2085	0.12
2086	0.14
2087	0.14
2088	0.13
2089	0.13
2090	0.14
2091	0.14
2092	0.14
2093	0.15
2094	0.15
2095	0.16
2096	0.15
2097	0.15
2098	0.16
2099	0.21
2100	0.23
2101	0.18
2102	0.18
2103	0.18
2104	0.18
2105	0.16
2106	0.15
2107	0.15
2108	0.15
2109	0.19
2110	0.19
2111	0.21
2112	0.5
2113	0.55
2114	0.55
2115	0.55
2116	0.55
2117	0.61
2118	0.61
2119	0.61
2120	0.61
2121	0.57
2122	0.57
2123	0.58
2124	0.58
2125	0.61
2126	0.64
2127	0.78
2128	0.79
2129	0.79
2130	0.98
2131	0.98
2132	0.725
2133	0.47
2134	0.47
2135	0.46
2136	0.45
2137	0.43
2138	0.4
2139	0.4
2140	0.43
2141	0.38
2142	0.37
2143	0.42
2144	0.46
2145	0.75
2146	0.95
2147	0.95
2148	1.06
2149	0.8
2150	0.8
2151	0.925
2152	1.05
2153	1.06
2154	1.26
2155	1.26
2156	1.28
2157	1.3
2158	1.3
2159	1.655
2160	2.01
2161	2
2162	2.89
2163	2.89
2164	2.89
2165	3.423333333
2166	3.956666667
2167	4.49
2168	4.49
2169	4.49
2170	4.51
2171	4.53
2172	4.55
2173	4.57
2174	4.59
2175	4.21
2176	3.84
2177	4.28
2178	4.27
2179	4.22
2180	3.61
2181	3.66
2182	3.84
2183	3.93
2184	3.6
2185	3.49
2186	3.58
2187	3.47
2188	3.85
2189	3.88
2190	3.882
2191	3.884
2192	3.886
2193	3.888
2194	3.89
2195	3.89
2196	3.89
2197	3.87
2198	3.85
2199	3.83
2200	3.81
2201	3.81
2202	3.78
2203	3.75
2204	3.72
2205	3.69
2206	3.69
2207	3.69
2208	2.93
2209	2.65
2210	2.2
2211	2.775
2212	3.35
2213	3.35
2214	4.27
2215	4.27
2216	4.11
2217	3.95
2218	3.95
2219	3.96
2220	3.96
2221	3.96
2222	4
2223	4
2224	3.89
2225	3.78
2226	3.67
2227	3.67
2228	3.67
2229	3.607777778
2230	3.545555556
2231	3.483333333
2232	3.421111111
2233	3.358888889
2234	3.296666667
2235	3.234444444
2236	3.172222222
2237	3.11
2238	3.11
2239	3.11
2240	3.49
2241	3.87
2242	3.87
2243	3.58
2244	3.58
2245	3.27
2246	3.64
2247	4.17
2248	4.15
2249	4.15
2250	4.15
2251	4.33
2252	4.51
2253	4.69
2254	4.69
2255	4.3725
2256	4.055
2257	3.7375
2258	3.42
2259	3.58
2260	3.65
2261	4.1
2262	4.07
2263	3.66
2264	3.51
2265	3.5
2266	3.5
2267	4.78
2268	6.06
2269	6.06
2270	6.02
2271	6.02
2272	5.77
2273	5.77
2274	5.77
2275	5.95
2276	5.95
2277	6.42
2278	6.37
2279	6.33
2280	5.27
2281	5.24
2282	4.52
2283	4.54
2284	4.52
2285	4.88
2286	4.93
2287	4.51
2288	4.77
2289	4.6
2290	4.79
2291	4.92
2292	4.746666667
2293	4.573333333
2294	4.4
2295	4.4
2296	4.528571429
2297	4.657142857
2298	4.785714286
2299	4.914285714
2300	5.042857143
2301	5.171428571
2302	5.3
2303	5.3
2304	4.64
2305	4.58
2306	4.985
2307	5.39
2308	5.39
2309	5.39
2310	4.89
2311	4.91
2312	4.92
2313	4.77
2314	4.77
2315	4.76
2316	4.2
2317	4.2
2318	4.302
2319	4.404
2320	4.506
2321	4.608
2322	4.71
2323	4.71
2324	4.62
2325	4.53
2326	4.44
2327	4.35
2328	4.35
2329	4.376666667
2330	4.403333333
2331	4.43
2332	4.43
2333	4.43
2334	4.43
2335	4.43
2336	4.43
2337	4.43
2338	4.92
2339	4.9
2340	4.33
2341	4.27
2342	3.9
2343	3.9
2344	3.27
2345	3.46
2346	4.29
2347	3.69
2348	3.62
2349	3.62
2350	3.563333333
2351	3.506666667
2352	3.45
2353	3.45
2354	3.21
2355	2.97
2356	3.12
2357	3.01
2358	3.01
2359	3.01
2360	2.75
2361	2.62
2362	2.4
2363	2.4
2364	2.4
2365	2.41
2366	2.41
2367	2.37
2368	2.33
2369	2.29
2370	2.55
2371	2.1
2372	1.94
2373	2.07
2374	1.91
2375	1.48
2376	1.48
2377	1.99
2378	1.88
2379	1.48
2380	1.43
2381	1.43
2382	1.58
2383	1.58
2384	1.45
2385	1.48
2386	1.52
2387	1.39
2388	1.26
2389	1.18
2390	0.86
2391	1.36
2392	1.55
2393	1.46
2394	1.43
2395	1.43
2396	1.75
2397	1.81
2398	1.66
2399	1.45
2400	1.5
2401	1.546666667
2402	1.593333333
2403	1.64
2404	1.6
2405	1.52
2406	1.47
2407	1.92
2408	1.91
2409	1.96
2410	2.05
2411	1.6
2412	1.6
2413	1.61
2414	1.62
2415	1.62
2416	1.92
2417	1.9
2418	1.63
2419	1.62
2420	1.4
2421	1.64
2422	2.07
2423	1.93
2424	1.78
2425	1.81
2426	1.84
2427	2.17
2428	2.17
2429	2.065
2430	1.96
2431	1.96
2432	1.85
2433	1.85
2434	1.85
2435	1.64
2436	1.64
2437	1.58
2438	1.36
2439	1.45
2440	1.62
2441	1.86
2442	1.37
2443	1.5
2444	1.8
2445	1.79
2446	1.44
2447	1.44
2448	1.44
2449	1.75
2450	1.75
2451	1.48
2452	1.8
2453	2.08
2454	1.17
2455	1.16
2456	1.05
2457	1.05
2458	1.06
2459	1.06
2460	1.295
2461	1.53
2462	1.53
2463	1.53
2464	1.5
2465	1.47
2466	1.47
2467	0.95
2468	0.95
2469	0.95
2470	1.29
2471	1.29
2472	0.96
2473	1.16
2474	1.51
2475	1.42
2476	1.42
2477	1.63
2478	1.18
2479	0.92
2480	0.79
2481	0.79
2482	0.93
2483	1.24
2484	1.08
2485	0.95
2486	1.37
2487	1.07
2488	1.07
2489	1.19
2490	1.19
2491	1.11
2492	1.05
2493	1.23
2494	1.35
2495	1.57
2496	1.73
2497	1.42
2498	1.34
2499	1.56
2500	1.41
2501	1.36
2502	1.86
2503	1.85
2504	1.81
2505	1.8
2506	1.84
2507	1.89
2508	1.69
2509	1.69
2510	1.75
2511	1.76
2512	1.85
2513	1.85
2514	2.05
2515	2.05
2516	1.36
2517	1.36
2518	1.41
2519	1.51
2520	1.46
2521	1.46
2522	2.03
2523	2.03
2524	2.47
2525	2.52
2526	2.17
2527	2.17
2528	2.19
2529	2.43
2530	2.6
2531	2.61
2532	2.42
2533	2.42
2534	2.38
2535	1.91
2536	1.88
2537	1.88
2538	2.04
2539	2.03
2540	1.65
2541	1.66
2542	2.66
2543	2.69
2544	2.71
2545	2.72
2546	2.95
2547	2.95
2548	2.995
2549	3.04
2550	3.04
2551	3.04
2552	2.936
2553	2.832
2554	2.728
2555	2.624
2556	2.52
2557	2.6
2558	3.66
2559	3.66
2560	3.72
2561	3.47
2562	3.22
2563	3.02
2564	3.06
2565	3.35
2566	3.35
2567	3.17
2568	3.33
2569	3.46
2570	3.23
2571	3.22
2572	2.89
2573	3.12
2574	3.03
2575	2.97
2576	2.97
2577	2.85
2578	2.85
2579	3.06
2580	3.04
2581	2.97
2582	3.08
2583	2.99
2584	2.97
2585	3.15
2586	3.08
2587	3.01
2588	2.75
2589	2.75
2590	3.46
2591	3.56
2592	3.75
2593	2.93
2594	1.43
2595	1.45
2596	1.49
2597	2.22
2598	2.22
2599	2.3
2600	3.34
2601	4.38
2602	4.54
2603	6.31
2604	6.54
2605	7.95
2606	7.95
2607	8.0175
2608	8.085
2609	8.1525
2610	8.22
2611	8.22
2612	7.8
2613	7.5
2614	7.4
2615	8.25
2616	7.343333333
2617	6.436666667
2618	5.53
2619	5.37
2620	5.31
2621	5.66
2622	5.66
2623	6.195
2624	6.73
2625	6.77
2626	7.42
2627	6.73
2628	5.81
2629	5.81
2630	6.42
2631	6.42
2632	6.36
2633	7.39
2634	7.52
2635	4.96
2636	4.96
2637	4.51
2638	5.14
2639	5.7
2640	5.33
2641	5.49
2642	5.57
2643	5.56
2644	4.97
2645	3.91
2646	3.735
2647	3.56
2648	3.57
2649	2.44
2650	2.41
2651	2.41
2652	1.76
2653	1.83
2654	1.84
2655	1.84
2656	1.72
2657	1.83
2658	2.03
2659	2.06
2660	1.93
2661	1.8
2662	1.8
2663	1.8
2664	1.85
2665	1.85
2666	1.7275
2667	1.605
2668	1.4825
2669	1.36
2670	1.36
2671	1.36
2672	1.33
2673	1.3
2674	1.3
2675	1.285
2676	1.27
2677	1.255
2678	1.24
2679	1.24
2680	1.3
2681	1.36
2682	1.42
2683	1.34
2684	1.27
2685	1.31
2686	1.27
2687	1.22
2688	1.26
2689	1.25
2690	1.3
2691	1.24
2692	1.23
2693	1.51
2694	1.5
2695	1.3
2696	1.31
2697	1.43
2698	1.41
2699	1.55
2700	1.68
2701	1.5
2702	1.51
2703	1.57
2704	1.71
2705	1.68
2706	1.68
2707	1.7
2708	1.87
2709	1.88
2710	1.89
2711	1.71
2712	1.23
2713	1.25
2714	1.26
2715	1.49
2716	1.5
2717	1.63
2718	1.63
2719	1.55
2720	1.54
2721	1.66
2722	1.66
2723	1.42
2724	1.69
2725	2.34
2726	1.88
2727	1.86
2728	1.93
2729	1.94
2730	1.665
2731	1.39
2732	1.39
2733	1.4
2734	1.41
2735	1.41
2736	2.52
2737	2.51
2738	2.48
2739	2.28
2740	2.28
2741	2.36
2742	2.44
2743	2.44
2744	2.57
2745	2.31
2746	2.02
2747	2.17
2748	2.38
2749	2.52
2750	2.49
2751	2.42
2752	1.92
2753	1.97
2754	2.01
2755	1.33
2756	1.28
2757	1.26
2758	1.26
2759	1.2
2760	1.2
2761	1.14
2762	1.17
2763	1.35
2764	1.21
2765	1.23
2766	1.22
2767	1.06
2768	0.98
2769	0.96
2770	1.025
2771	1.09
2772	1.09
2773	1.31
2774	1.35
2775	1.16
2776	1.17
2777	1.18
2778	1.1
2779	1.02
2780	1.02
2781	1.23
2782	1.23
2783	0.99
2784	0.99
2785	1.04
2786	1.06
2787	0.94
2788	0.94
2789	1.06
2790	1.06
2791	1.11
2792	1.14
2793	1.17
2794	1.3
2795	1.3
2796	1.325
2797	1.35
2798	1.375
2799	1.4
2800	1.41
2801	1.42
2802	1.33
2803	1.35
2804	1.23
2805	1.23
2806	0.95
2807	0.95
2808	0.95
2809	1.08
2810	1.08
2811	1.06
2812	1.06
2813	1.14
2814	1.12
2815	1.04
2816	0.84
2817	0.93
2818	0.85
2819	0.86
2820	0.86
2821	1.15
2822	1.17
2823	1.3
2824	1.33
2825	1.34
2826	1.26
2827	1.26
2828	1.25
2829	1.25
2830	1.03
2831	1.01
2832	0.99
2833	0.93
2834	1.04
2835	1.05
2836	0.87
2837	0.87
2838	1.03
2839	1.01
2840	0.99
2841	1.09
2842	1.13
2843	1.13
2844	0.95
2845	0.95
2846	0.89
2847	0.87
2848	0.85
2849	0.85
2850	0.88
2851	0.88
2852	0.83
2853	0.85
2854	0.98
2855	0.98
2856	1.02
2857	1.06
2858	1.1
2859	1.14
2860	1.18
2861	1.22
2862	1.26
2863	1.3
2864	1.34
2865	1.35
2866	1.83
2867	1.91
2868	1.99
2869	2.03
2870	2.03
2871	1.785
2872	1.54
2873	1.54
2874	1.51
2875	1.51
2876	1.31
2877	1.31
2878	1.68
2879	1.68
2880	1.7825
2881	1.885
2882	1.9875
2883	2.09
2884	2.09
2885	2.27
2886	2.22
2887	1.93
2888	1.93
2889	1.7
2890	1.7
2891	2.12
2892	2.26
2893	2.27
2894	1.52
2895	1.39
2896	1.41
2897	1.59
2898	1.53
2899	1.52
2900	1.505
2901	1.49
2902	1.66
2903	1.87
2904	2.01
2905	2.01
2906	2.01
2907	2.01
2908	1.98
2909	2.09
2910	2.1
2911	1.8
2912	1.8
2913	1.38
2914	1.47
2915	1.53
2916	1.39
2917	1.35
2918	1.3
2919	1.3
2920	1.245
2921	1.19
2922	1.19
2923	1.2
2924	1.2
2925	1.2
2926	1.33
2927	1.35
2928	1.41
2929	1.43
2930	1.45
2931	1.31
2932	1.36
2933	1.57
2934	1.26
2935	1.26
2936	1.27
2937	1.27
2938	1.34
2939	1.38
2940	1.45
2941	1.33
2942	1.25
2943	1.26
2944	1.27
2945	1.26
2946	1.23
2947	1.18
2948	1.23
2949	1.23
2950	1.2
2951	1.19
2952	1.19
2953	1.19
2954	1.19
2955	1.11
2956	1.03
2957	0.95
2958	1.03
2959	1.06
2960	1.115
2961	1.17
2962	1.17
2963	1.17
2964	1.365
2965	1.56
2966	1.44
2967	1.25
2968	1.4
2969	1.33
2970	1.39
2971	1.43
2972	1.39
2973	1.33
2974	1.31
2975	1.35
2976	1.35
2977	1.3325
2978	1.315
2979	1.2975
2980	1.28
2981	1.36
2982	1.42
2983	1.26
2984	1.26
2985	1.29
2986	1.32
2987	1.34
2988	1.19
2989	1.19
2990	1.34
2991	1.32
2992	1.29
2993	1.3
2994	1.32
2995	1.31
2996	1.28
2997	1.35
2998	1.4
2999	1.4
3000	1.02
3001	1.14
3002	1.19
3003	1.183333333
3004	1.176666667
3005	1.17
3006	1.17
3007	1.11
3008	1.11
3009	1.15
3010	1.15
3011	1.15
3012	1.06
3013	1.06
3014	0.86
3015	0.86
3016	1.15
3017	1.2
3018	1.31
3019	1.22
3020	1.17
3021	1.206666667
3022	1.243333333
3023	1.28
3024	1.28
3025	1.24
3026	1.27
3027	1.17
3028	1.2
3029	1.24
3030	1.25
3031	1.25
3032	1.21
3033	1.19
3034	1.04
3035	1.2
3036	1.2
3037	1.25
3038	1.28
3039	1.31
3040	1.26
3041	1.21
3042	1.19
3043	1.14
3044	1.17
3045	1.18
3046	1.37
3047	1.5
3048	1.56
3049	1.56
3050	1.05
3051	1.05
3052	1.08
3053	1.08
3054	1.13
3055	1.18
3056	1.18
3057	1.16
3058	1.1
3059	1.12
3060	1.21
3061	1.06
3062	1.04
3063	1.173333333
3064	1.306666667
3065	1.44
3066	1.45
3067	1.53
3068	1.53
3069	1.53
3070	1.485
3071	1.44
3072	1.44
3073	1.44
3074	1.285
3075	1.13
3076	1.13
3077	1.15
3078	1.17
3079	1.19
3080	1.21
3081	1.23
3082	1.16
3083	1.06
3084	1.096666667
3085	1.133333333
3086	1.17
3087	1.08
3088	1.07
3089	1.09
3090	1.08
3091	1.07
3092	1.07
3093	1.1
3094	1.22
3095	1.29
3096	1.175
3097	1.06
3098	1.05
3099	1.03
3100	1.06
3101	1.06
3102	1.15
3103	1.15
3104	1.01
3105	1.01
3106	0.986666667
3107	0.963333333
3108	0.94
3109	0.94
3110	0.941176471
3111	0.942352941
3112	0.943529412
3113	0.944705882
3114	0.945882353
3115	0.947058824
3116	0.948235294
3117	0.949411765
3118	0.950588235
3119	0.951764706
3120	0.952941176
3121	0.954117647
3122	0.955294118
3123	0.956470588
3124	0.957647059
3125	0.958823529
3126	0.96
3127	0.96
3128	0.961428571
3129	0.962857143
3130	0.964285714
3131	0.965714286
3132	0.967142857
3133	0.968571429
3134	0.97
3135	0.97
3136	0.97
3137	1.155
3138	1.34
3139	1.34
3140	0.95
3141	0.89
3142	0.881428571
3143	0.872857143
3144	0.864285714
3145	0.855714286
3146	0.847142857
3147	0.838571429
3148	0.83
3149	0.84
3150	1.09
3151	1.07
3152	1.06
3153	1.45
3154	1.3
3155	1.34
3156	1.2
3157	1.2
3158	1.39
3159	1.58
3160	1.77
3161	1.96
3162	1.96
3163	1.67
3164	1.7
3165	1.73
3166	1.5
3167	1.27
3168	1.19
3169	1.13
3170	1.49
3171	1.42
3172	1.3
3173	1.15
3174	1.14
3175	1.14
3176	1.16
3177	1.21
3178	1.21
3179	1.228
3180	1.246
3181	1.264
3182	1.282
3183	1.3
3184	1.3
3185	1.3
3186	1.42
3187	1.54
3188	1.54
3189	1.54
3190	1.43
3191	1.43
3192	1.2
3193	1.2
3194	1.235
3195	1.27
3196	1.27
3197	1.7
3198	1.71
3199	1.37
3200	1.37
3201	1.88
3202	1.88
3203	1.57
3204	1.57
3205	1.64
3206	1.6
3207	1.65
3208	1.58
3209	1.58
3210	1.67
3211	1.67
3212	1.575
3213	1.48
3214	1.385
3215	1.29
3216	1.29
3217	1.263333333
3218	1.236666667
3219	1.21
3220	1.183333333
3221	1.156666667
3222	1.13
3223	1.28
3224	1.38
3225	1.17
3226	1.53
3227	1.57
3228	1.542
3229	1.514
3230	1.486
3231	1.458
3232	1.43
3233	1.39
3234	1.53
3235	1.68
3236	1.59
3237	1.5
3238	1.41
3239	1.39
3240	1.3
3241	1.3
3242	1.3
3243	1.3
3244	1.3
3245	1.3
3246	1.55
3247	1.71
3248	1.51
3249	1.53
3250	1.56
3251	1.27
3252	1.27
3253	1.27
3254	1.48
3255	1.54
3256	1.6
3257	1.61
3258	1.61
3259	1.53
3260	1.51
3261	1.5
3262	1.50875
3263	1.5175
3264	1.52625
3265	1.535
3266	1.54375
3267	1.5525
3268	1.56125
3269	1.57
3270	1.57
3271	1.74
3272	1.77
3273	1.67
3274	1.57
3275	1.47
3276	1.37
3277	1.31
3278	1.4
3279	1.4
3280	1.4675
3281	1.535
3282	1.6025
3283	1.67
3284	1.67
3285	1.17
3286	1.17
3287	1.08
3288	1.19
3289	1.25
3290	1.25
3291	1.26
3292	1.27
3293	1.28
3294	1.28
3295	1.35
3296	1.35
3297	1.35
3298	1.341666667
3299	1.333333333
3300	1.325
3301	1.316666667
3302	1.308333333
3303	1.3
3304	1.32
3305	1.51
3306	1.51
3307	1.53
3308	1.53
3309	1.42
3310	1.39
3311	1.05
3312	1.05
3313	1.19
3314	1.27
3315	1.32
3316	1.16
3317	1.16
3318	1.17
3319	1.17
3320	1.1
3321	1.1
3322	1.09
3323	1.09
3324	1.01
3325	0.96
3326	0.95
3327	1.01
3328	1.01
3329	0.95
3330	1.03
3331	1.1
3332	1.11
3333	1.12
3334	1.13
3335	1.13
3336	1.09
3337	1.09
3338	1.095
3339	1.1
3340	1.1
3341	1.075
3342	1.05
3343	1.05
3344	1.05
3345	1.091666667
3346	1.133333333
3347	1.175
3348	1.216666667
3349	1.258333333
3350	1.3
3351	1.22
3352	1.11
3353	1.05
3354	1.13
3355	1.13
3356	1.13
3357	1.09
3358	1.05
3359	1.11
3360	1.17
3361	1.16
3362	1.16
3363	1.16
3364	1.09
3365	1.09
3366	1.105
3367	1.12
3368	1.12
3369	1.11
3370	1.06
3371	1.11
3372	1.09
3373	1.03
3374	1.05
3375	1.02
3376	1.03
3377	1.01
3378	0.93
3379	0.93
3380	1.01
3381	1.09
3382	1.09
3383	1.09
3384	0.95
3385	0.95
3386	1.12
3387	1.12
3388	1.095
3389	1.07
3390	1.07
3391	0.97
3392	0.94
3393	0.94
3394	0.93
3395	0.92
3396	0.93
3397	0.98
3398	0.99
3399	1.02
3400	1.05
3401	1.08
3402	1.07
3403	1.05
3404	1.09
3405	1.13
3406	1.19
3407	1.15
3408	1.1
3409	1.06
3410	1.01
3411	1.01
3412	1.14
3413	1.27
3414	1.27
3415	1.29
3416	1.29
3417	1.37
3418	1.45
3419	1.53
3420	1.53
3421	1.64
3422	1.57
3423	1.3
3424	1.12
3425	1.12
3426	1.12
3427	1.36
3428	1.35
3429	1.39
3430	1.49
3431	1.39
3432	1.4025
3433	1.415
3434	1.4275
3435	1.44
3436	1.44
3437	1.44
3438	1.3
3439	1.3
3440	1.32
3441	1.33
3442	1.41
3443	1.5
3444	1.39
3445	1.28
3446	1.28
3447	1.22
3448	1.28
3449	1.32
3450	1.27
3451	1.22
3452	1.42
3453	1.4
3454	1.3
3455	1.3
3456	1.15
3457	1.27
3458	1.65
3459	1.27
3460	1.35
3461	1.41
3462	1.383333333
3463	1.356666667
3464	1.33
3465	1.33
3466	1.33
3467	1.3
3468	1.3
3469	1.3
3470	1.27
3471	1.27
3472	1.24
3473	1.23
3474	1.23
3475	1.2
3476	1.5
3477	1.43
3478	1.3
3479	1.27
3480	1.26
3481	1.43
3482	1.37
3483	1.33
3484	1.33
3485	1.41
3486	1.66
3487	1.54
3488	1.74
3489	1.74
3490	1.42
3491	1.42
3492	1.448
3493	1.476
3494	1.504
3495	1.532
3496	1.56
3497	1.56
3498	1.56
3499	1.53
3500	1.5
3501	1.45
3502	1.61
3503	1.61
3504	1.7
3505	1.73
3506	1.69
3507	1.65
3508	1.64
3509	1.42
3510	1.44
3511	1.333333333
3512	1.226666667
3513	1.12
3514	1.12
3515	1.2
3516	1.47
3517	1.46
3518	1.23
3519	1.23
3520	1.21
3521	1.19
3522	1.17
3523	1.15
3524	1.15
3525	1.61
3526	1.56
3527	1.29
3528	1.17
3529	1.22
3530	1.23
3531	1.1875
3532	1.145
3533	1.1025
3534	1.06
3535	1.18
3536	0.99
3537	1.02
3538	1.11
3539	1.22
3540	0.93
3541	1.04
3542	1.78
3543	1.78
3544	1.545
3545	1.31
3546	1.34
3547	1.34
3548	1.415
3549	1.49
3550	1.48
3551	1.39
3552	1.42
3553	1.18
3554	1.18
3555	1.42
3556	1.51
3557	1.45
3558	1.49
3559	1.49
3560	1.49
3561	1.5
3562	1.5
3563	1.38
3564	1.43
3565	1.55
3566	1.37
3567	1.12
3568	1.14
3569	1.15
3570	1.17
3571	1.19
3572	1.21
3573	1.21
3574	1.21
3575	1.195
3576	1.18
3577	1.18
3578	1.18
3579	1.15
3580	1.15
3581	1.14
3582	1.13
3583	1.13
3584	1.115
3585	1.1
3586	1.085
3587	1.07
3588	1.07
3589	1.07
3590	1.07
3591	1.07
3592	1.07
3593	1.07
3594	1.07
3595	1.05
3596	1.05
3597	1.035
3598	1.02
3599	1.05
3600	1.07
3601	1.04
3602	1.01
3603	0.98
3604	0.98
3605	0.92
3606	0.94
3607	0.89
3608	0.92
3609	0.92
3610	0.79
3611	0.76
3612	0.85
3613	0.86
3614	0.9
3615	0.89
3616	0.89
3617	0.89
3618	0.875
3619	0.86
3620	0.86
3621	0.86
3622	0.86
3623	0.86
3624	0.853333333
3625	0.846666667
3626	0.84
3627	0.84
3628	0.836
3629	0.832
3630	0.828
3631	0.824
3632	0.82
3633	0.82
3634	0.84
3635	0.84
3636	0.84
3637	0.88
3638	0.92
3639	0.83
3640	0.77
3641	0.78
3642	0.8
3643	0.8
3644	0.8
3645	0.8
3646	0.8
3647	0.8
3648	0.84
3649	0.88
3650	0.86
3651	0.79
3652	0.9
3653	0.9
3654	0.8
3655	0.81
3656	0.81
3657	0.79
3658	0.79
3659	0.88
3660	0.88
3661	1.1
3662	1.1
3663	0.98
3664	0.98
3665	1.03
3666	1.08
3667	1.06
3668	0.91
3669	0.81
3670	0.8
3671	0.77
3672	0.89
3673	0.98
3674	0.948571429
3675	0.917142857
3676	0.885714286
3677	0.854285714
3678	0.822857143
3679	0.791428571
3680	0.76
3681	0.76
3682	0.875
3683	0.99
3684	0.95
3685	0.935
3686	0.92
3687	0.92
3688	1.05
3689	1.18
3690	1.33
3691	2.93
3692	2.9
3693	2.1
3694	1.45
3695	0.91
3696	3.41
3697	3.41
3698	3.284
3699	3.158
3700	3.032
3701	2.906
3702	2.78
3703	2.78
3704	2.54
3705	2.54
3706	2.65
3707	2.81
3708	2.795
3709	2.78
3710	2.78
3711	2.796666667
3712	2.813333333
3713	2.83
3714	2.83
3715	2.83
3716	2.87
3717	2.91
3718	2.91
3719	2.91
3720	2.93
3721	3.02
3722	3.225
3723	3.43
3724	3.43
3725	3.7
3726	3.71
3727	4.29
3728	3.33
3729	3.18
3730	3.46
3731	3.53
3732	3.83
3733	4.08
3734	4.2
3735	4.32
3736	4.44
3737	4.44
3738	3.61
3739	3.64
3740	3.81
3741	3.67
3742	3.772
3743	3.874
3744	3.976
3745	4.078
3746	4.18
3747	4.18
3748	4.18
3749	3.74
3750	3.89
3751	4.62
3752	4.62
3753	4.38
3754	4.38
3755	4.76
3756	4.53
3757	4.94
3758	4.18
3759	4.17
3760	4.36
3761	4.36
3762	3.72
3763	3.72
3764	3.28
3765	3.53
3766	3.49
3767	3.72
3768	3.71
3769	3.67
3770	3.55
3771	3.55
3772	3.42
3773	3.42
3774	3.295
3775	3.17
3776	3.17
3777	3.17
3778	3.176666667
3779	3.183333333
3780	3.19
3781	3.36
3782	4.13
3783	3.62
3784	3.65
3785	4.06
3786	3.775
3787	3.49
3788	3.49
3789	4.46
3790	3.86
3791	3.45
3792	3.665
3793	3.88
3794	3.88
3795	3.73
3796	3.58
3797	3.66
3798	4.46
3799	4.07
3800	4
3801	4.04
3802	4.54
3803	4.61
3804	4.6
3805	3.85
3806	3.91
3807	3.95
3808	3.85
3809	3.89
3810	4.19
3811	4.09
3812	3.91
3813	3.83
3814	3.75
3815	3.84
3816	4.1
3817	4.31
3818	4.3
3819	3.86
3820	3.97
3821	3.85
3822	3.84
3823	3.82
3824	3.77
3825	3.77
3826	3.99
3827	4
3828	3.93
3829	3.93
3830	3.94
3831	3.94
3832	3.97
3833	3.93
3834	3.88
3835	4.18
3836	4.19
3837	4.08
3838	4.16
3839	4.3
3840	4.02
3841	4.02
3842	4.02
3843	4.47
3844	4.1
3845	3.74
3846	4.22
3847	4.18
3848	4.01
3849	4.08
3850	4.19
3851	4.13
3852	4.16
3853	4.22
3854	4.18
3855	4.14
3856	4.08
3857	4.41
3858	4.05
3859	3.85
3860	3.89
3861	3.92
3862	4.37
3863	4.78
3864	4.42
3865	4.26
3866	4.26
3867	4.15
3868	4.1
3869	4.04
3870	3.78
3871	3.78
3872	3.92
3873	3.92
3874	3.78
3875	3.78
3876	3.87
3877	3.87
3878	3.885
3879	3.9
3880	3.69
3881	3.43
3882	3.76
3883	3.76
3884	3.42
3885	3.66
3886	3.7
3887	3.75
3888	3.77
3889	3.77
3890	3.71
3891	3.63
3892	3.48
3893	3.59
3894	3.7
3895	3.7
3896	3.69
3897	3.69
3898	3.53
3899	3.37
3900	3.21
3901	3.2
3902	3.34
3903	3.35
3904	3.35
3905	3.34
3906	3.37
3907	3.42
3908	3.98
3909	3.98
3910	3.02
3911	2.67
3912	2.41
3913	2.28
3914	2.28
3915	2.2
3916	2.17
3917	2.12
3918	2.12
3919	2.18
3920	2.18
3921	2.22
3922	2.22
3923	2.22
3924	2.06
3925	2.06
3926	2.06
3927	2.06
3928	2.115
3929	2.17
3930	2.17
3931	2.12
3932	2.12
3933	2.18
3934	2.2
3935	2.17
3936	2.17
3937	2.344
3938	2.518
3939	2.692
3940	2.866
3941	3.04
3942	3.01
3943	2.97
3944	2.42
3945	2.42
3946	2.57
3947	2.72
3948	3.04
3949	3.34
3950	2.91
3951	2.91
3952	2.74
3953	2.57
3954	2.4
3955	2.61
3956	2.97
3957	1.9
3958	1.89
3959	1.89
3960	1.89
3961	1.9
3962	1.9
3963	1.88
3964	1.88
3965	1.92
3966	1.9
3967	1.86
3968	2.06
3969	2.19
3970	2.29
3971	2.35
3972	2.35
3973	2.02
3974	2.02
3975	2.05
3976	2.08
3977	2.11
3978	2.14
3979	2.14
3980	2.83
3981	2.94
3982	3.13
3983	3.13
3984	3.08
3985	2.99
3986	2.99
3987	2.992
3988	2.994
3989	2.996
3990	2.998
3991	3
3992	3.01
3993	3.07
3994	3.08
3995	3.59
3996	3.59
3997	3.26
3998	3.55
3999	3.53
4000	3.66
4001	3.68
4002	3.72
4003	3.5
4004	3.5
4005	3.93
4006	3.99
4007	3.97
4008	4.57
4009	4.04
4010	3.95
4011	4.395
4012	4.84
4013	4.84
4014	5.57
4015	5.71
4016	4.83
4017	4.71
4018	4.94
4019	5.3
4020	5.16
4021	5.11
4022	4.94
4023	5.4
4024	5.42
4025	5.29
4026	5.49
4027	5.59
4028	5.55
4029	5.6
4030	5.57
4031	5.3
4032	5.44
4033	5.79
4034	5.69
4035	5.55
4036	5.57
4037	5.59
4038	5.59
4039	5.08
4040	5.26
4041	5.48
4042	5.88
4043	5.88
4044	5.32
4045	5.32
4046	5.31
4047	5.31
4048	6.2
4049	6.2
4050	6.23
4051	6.23
4052	5.66
4053	5.66
4054	5.67
4055	5.68
4056	5.4
4057	5.21
4058	4.49
4059	4.83
4060	5.09
4061	4.69
4062	4.69
4063	4.73
4064	4.73
4065	4.77
4066	4.73
4067	4.68
4068	4.85
4069	4.99
4070	4.71
4071	4.45
4072	4.41
4073	4.4
4074	4.26
4075	4.26
4076	4.17
4077	4.17
4078	4.34
4079	4.16
4080	4.17
4081	4.24
4082	4.38
4083	4.89
4084	5.06
4085	5.18
4086	5.18
4087	5.18
4088	5.78
4089	5.78
4090	5.76
4091	5.75
4092	5.61
4093	5.34
4094	5.28
4095	5.29
4096	5.29
4097	4.83
4098	4.37
4099	4.33
4100	4.18
4101	4.21
4102	3.5
4103	3.5
4104	3.5
4105	3.41
4106	4.09
4107	4.48
4108	3
4109	2.89
4110	2.7
4111	2.61
4112	2.61
4113	3.255
4114	3.9
4115	3.9
4116	3.29
4117	3.29
4118	3.62
4119	3.62
4120	3.57
4121	3.57
4122	3.58
4123	3.58
4124	3.89
4125	3.89
4126	3.88
4127	3
4128	3
4129	4.03
4130	4.03
4131	3.59
4132	3.15
4133	3.15
4134	3.2
4135	3.2
4136	3.22
4137	3.22
4138	3.03
4139	2.95
4140	2.79
4141	2.87
4142	2.87
4143	2.92
4144	2.91
4145	2.88
4146	2.74
4147	2.72
4148	2.7
4149	2.7
4150	2.91
4151	3.12
4152	3.12
4153	2.99
4154	2.99
4155	3.005
4156	3.02
4157	3.02
4158	3.11
4159	3.2
4160	3.29
4161	3.25
4162	3.15
4163	3.15
4164	2.98
4165	2.82
4166	2.846666667
4167	2.873333333
4168	2.9
4169	2.87
4170	3.05
4171	3.3
4172	3.19
4173	2.67
4174	2.67
4175	2.683333333
4176	2.696666667
4177	2.71
4178	2.723333333
4179	2.736666667
4180	2.75
4181	2.763333333
4182	2.776666667
4183	2.79
4184	2.803333333
4185	2.816666667
4186	2.83
4187	2.843333333
4188	2.856666667
4189	2.87
4190	2.883333333
4191	2.896666667
4192	2.91
4193	2.91
4194	3.12
4195	3.34
4196	3.44
4197	2.61
4198	2.61
4199	2.61
4200	2.43
4201	2.43
4202	2.43
4203	2.463333333
4204	2.496666667
4205	2.53
4206	2.47
4207	2.42
4208	2.76
4209	2.76
4210	2.69
4211	2.62
4212	2.55
4213	2.55
4214	2.59
4215	2.6
4216	2.6
4217	2.6
4218	2.5
4219	2.69
4220	2.93
4221	3.42
4222	3.64
4223	3.513
4224	3.386
4225	3.259
4226	3.132
4227	3.005
4228	2.878
4229	2.751
4230	2.624
4231	2.497
4232	2.37
4233	2.37
4234	2.37
4235	2.14
4236	2.27
4237	2.39
4238	2.316666667
4239	2.243333333
4240	2.17
4241	2.17
4242	2.04
4243	1.87
4244	1.85
4245	1.99
4246	2.13
4247	2.04
4248	1.92
4249	2.74
4250	2.74
4251	2.74
4252	2.758
4253	2.776
4254	2.794
4255	2.812
4256	2.83
4257	2.83
4258	3.03
4259	3.07
4260	2.98
4261	3.01
4262	3.13
4263	3.25
4264	3.27
4265	3.37
4266	3.37
4267	3.08
4268	3.08
4269	3.09
4270	2.93
4271	2.86
4272	2.73
4273	2.73
4274	2.75
4275	3.44
4276	3.44
4277	3.22
4278	3.12
4279	3.07
4280	2.86
4281	2.86
4282	2.85
4283	2.97
4284	3.38
4285	3.38
4286	2.7
4287	2.7
4288	2.7
4289	2.748
4290	2.796
4291	2.844
4292	2.892
4293	2.94
4294	2.86
4295	2.78
4296	2.79
4297	2.8325
4298	2.875
4299	2.9175
4300	2.96
4301	2.96
4302	2.96
4303	2.46
4304	2.46
4305	2.48
4306	2.48
4307	2.513076923
4308	2.546153846
4309	2.579230769
4310	2.612307692
4311	2.645384615
4312	2.678461538
4313	2.711538462
4314	2.744615385
4315	2.777692308
4316	2.810769231
4317	2.843846154
4318	2.876923077
4319	2.91
4320	2.91
