1	2.21
2	2.2
3	2.39
4	2.27
5	2.13
6	1.62
7	1.85
8	2.3
9	2.38
10	2.37
11	2.38
12	2.4
13	2.62
14	2.62
15	2.5
16	2.42
17	2.4
18	2.44
19	2.28
20	2.45
21	2.56
22	2.33
23	2.25
24	2.35
25	2.302
26	2.254
27	2.206
28	2.158
29	2.11
30	2.11
31	2.225
32	2.34
33	2.34
34	2.35
35	2.27
36	2.26
37	2.49
38	2.38
39	2.38
40	2.21
41	2.21
42	2.18
43	2.18
44	2.18
45	2.28
46	2.45
47	2.36
48	2.06
49	2.34
50	2.29
51	2.21
52	2.41
53	2.09
54	2.29
55	2.19
56	2.1
57	2.26
58	2.26
59	2.23
60	2.23
61	2.23
62	2.23
63	2.23
64	2.16
65	2.16
66	2.26
67	2.32
68	2.11
69	2.24
70	2.09
71	2.06
72	2.13
73	1.75
74	1.75
75	1.86
76	1.97
77	1.97
78	1.993333333
79	2.016666667
80	2.04
81	2.04
82	1.92
83	1.93
84	2.03
85	1.95
86	2.09
87	2.13
88	2.13
89	2.03
90	2.07
91	2.05
92	2.1
93	2.03
94	1.85
95	2.06
96	2.11
97	2.11
98	2.07
99	1.69
100	1.95
101	2.21
102	2.23
103	2.11
104	2.03
105	1.99
106	2.07
107	2.03
108	1.81
109	1.86
110	1.95
111	2.2
112	2.33
113	2.28
114	2.11
115	2.33
116	2.32
117	2.31
118	2.28
119	2.18
120	2.31
121	2.19
122	2.18
123	2.1
124	2.24
125	2.44
126	2.36
127	2.18
128	2.27
129	2.44
130	2.45
131	2.6
132	2.61
133	2.465
134	2.32
135	2.5
136	2.4
137	2.44
138	2.21
139	2.27
140	2.21
141	2.16
142	2.23
143	2.17
144	2.1
145	2.18
146	2.16
147	2
148	1.96
149	2
150	1.97
151	1.94
152	2.03
153	2.02
154	2.33
155	2.32
156	2.27
157	2.44
158	2.51
159	2.42
160	2.87
161	2.755
162	2.64
163	2.525
164	2.41
165	2.54
166	2.49
167	2.44
168	2.39
169	2.34
170	2.34
171	2.43
172	2.43
173	2.37
174	2.31
175	2.25
176	2.25
177	2.3
178	2.3
179	2.25
180	2.25
181	2.41
182	2.41
183	2.44
184	2.44
185	2.31
186	2.31
187	2.4
188	2.49
189	2.49
190	2.51
191	2.575
192	2.64
193	2.64
194	2.57
195	2.57
196	2.555
197	2.54
198	2.54
199	2.66
200	2.66
201	2.605
202	2.55
203	2.55
204	2.6
205	2.65
206	2.64
207	2.835
208	3.03
209	2.88
210	2.73
211	2.58
212	2.67
213	2.91
214	2.5
215	2.69
216	2.57
217	2.64
218	2.57
219	2.56
220	2.52
221	2.5
222	2.59
223	2.49
224	2.49
225	2.76
226	2.62
227	2.62
228	2.95
229	2.83
230	2.68
231	2.55
232	2.76
233	2.9
234	3.34
235	3.13
236	3.25
237	2.92
238	3.16
239	2.8
240	2.8
241	2.8
242	2.62
243	2.58
244	3.22
245	3.18
246	3.0025
247	2.825
248	2.6475
249	2.47
250	2.82
251	3.05
252	3.12
253	3.31
254	3.31
255	3.31
256	2.91
257	3.1
258	2.95
259	3.33
260	2.72
261	3.05
262	3.18
263	3.18
264	2.91
265	3.56
266	3.37
267	3.49
268	3.56
269	3.56
270	3.32
271	3.32
272	3.45
273	3.6
274	2.76
275	3.43
276	3.38
277	3.35
278	3.15
279	2.99
280	2.86
281	2.87
282	3.27
283	3.31
284	3.21
285	3.22
286	3.03
287	3.49
288	4.33
289	4.45
290	3.27
291	3.4
292	3.42
293	2.79
294	2.91
295	3.61
296	3.63
297	3.63
298	3.54
299	3.54
300	3.56
301	3.59
302	3.8
303	3.62
304	3.73
305	3.72
306	3.7
307	3.6
308	3.57
309	3.57
310	3.61
311	3.52
312	3.82
313	3.49
314	3.49
315	3.73
316	3.29
317	2.64
318	2.78
319	3.39
320	3.58
321	3.49
322	3.3
323	3.68
324	3.72
325	2.86
326	2.86
327	2.85
328	2.85
329	3.46
330	3.46
331	2.69
332	3.65
333	4.1
334	2.92
335	3.41
336	3.54
337	3.56
338	3.57
339	3.55
340	3.49
341	3.83
342	3.94
343	3.81
344	4.04
345	4.07
346	4.02
347	3.89
348	3.46
349	3.95
350	3.83
351	3.69
352	3.69
353	3.64
354	3.5
355	3.49
356	3.56
357	3.52
358	3.52
359	3.5
360	3.5
361	3.425
362	3.35
363	3.24
364	3.355
365	3.47
366	3.43
367	3.36
368	3.14
369	2.945
370	2.75
371	2.89
372	3.1
373	3.55
374	2.71
375	2.93
376	3.19
377	3.42
378	3.51
379	3.57
380	3.57
381	3.5
382	3.33
383	3.64
384	3.49
385	3.33
386	3.35
387	3.2
388	3.18
389	3.45
390	3.38
391	3.25
392	3.36
393	3.47
394	3.32
395	3.7
396	3.8
397	3.7
398	3.6
399	3.5
400	3.47
401	3.26
402	3.59
403	3.61
404	3.47
405	3.44
406	3.52
407	3.52
408	3.52
409	3.33
410	3.52
411	3.53
412	3.47
413	3.47
414	3.5
415	3.53
416	3.56
417	3.59
418	3.42
419	3.49
420	3.32
421	3.11
422	3.68
423	3.58
424	3.33
425	3.33
426	3.35
427	3.35
428	3.495
429	3.64
430	3.64
431	3.54
432	3.56
433	3.33
434	3.33
435	3.48
436	3.48
437	3.56
438	3.58
439	3.49
440	3.78
441	3.57
442	3.36
443	3.36
444	3.46
445	3.43
446	3.43
447	3.51
448	3.59
449	3.57
450	3.72
451	3.745
452	3.77
453	3.83
454	3.9
455	3.77
456	3.64
457	3.51
458	3.41
459	3.41
460	3.41
461	2.58
462	2.76
463	2.94
464	3.13
465	2.86
466	2.72
467	2.56
468	2.65
469	2.74
470	2.67
471	2.65
472	2.62
473	2.61
474	2.79
475	2.8
476	2.8
477	2.66
478	2.66
479	2.83
480	2.85
481	2.85
482	2.84
483	2.8
484	2.8
485	2.82
486	2.8
487	2.88
488	2.9
489	2.91
490	2.9
491	2.89
492	2.91
493	2.9
494	2.69
495	2.69
496	2.8
497	2.8
498	2.92
499	2.82
500	2.83
501	2.86
502	2.86
503	2.8
504	2.8
505	3.01
506	3.03
507	3.03
508	3.18
509	3.06
510	3.13
511	3.12
512	2.91
513	2.81
514	3.06
515	3.08
516	3.09
517	2.73
518	2.92
519	2.81
520	2.8
521	2.77
522	2.81
523	2.98
524	3.065
525	3.15
526	3.22
527	3.11
528	2.83
529	2.79
530	2.78
531	3.02
532	2.8
533	2.91
534	2.91
535	2.76
536	2.76
537	2.95
538	2.9
539	2.78
540	3.04
541	2.97
542	2.92
543	2.92
544	2.99
545	2.94
546	2.98
547	2.92
548	2.88
549	2.94
550	3
551	2.92
552	3.04
553	2.91
554	2.85
555	2.98
556	2.94
557	2.79
558	2.9
559	2.83
560	2.73
561	2.98
562	2.96
563	2.88
564	2.99
565	2.93
566	2.97
567	2.95
568	2.91
569	2.89
570	2.96
571	2.86
572	2.91
573	2.89
574	2.95
575	2.98
576	2.93
577	3.07
578	3.03
579	2.85
580	2.99
581	3.13
582	3.44
583	3.12
584	3.14
585	3.28
586	3.52
587	3.65
588	3.57
589	3.54
590	3.56
591	3.67
592	3.4
593	3.64
594	3.87
595	3.56
596	3.64
597	3.41
598	3.39
599	3.47
600	3.53
601	3.72
602	3.72
603	4.24
604	4.24
605	3.41
606	3.56
607	3.92
608	3.69
609	3.8
610	3.965
611	4.13
612	4.295
613	4.46
614	4.46
615	4.416666667
616	4.373333333
617	4.33
618	4.33
619	4.336666667
620	4.343333333
621	4.35
622	4.35
623	4.455
624	4.56
625	4.56
626	4.63
627	4.7
628	4.7
629	4.555
630	4.41
631	4.41
632	4.7
633	4.7
634	4.44
635	4.44
636	4.5
637	4.5
638	4.39
639	4.4
640	4.57
641	4.22
642	4.27
643	4.3
644	4.03
645	4.22
646	4.19
647	4.33
648	4.19
649	3.69
650	3.51
651	4.04
652	4.18
653	4.21
654	4.18
655	4.23
656	4.37
657	4.22
658	4.41
659	4.49
660	4.02
661	3.91
662	4.31
663	4.31
664	3.93
665	3.93
666	3.7
667	3.7
668	3.83
669	4.42
670	4.086666667
671	3.753333333
672	3.42
673	3.49
674	3.85
675	3.82
676	4.4
677	4.86
678	4.83
679	4.75
680	4.69
681	3.77
682	3.68
683	3.7
684	3.72
685	3.72
686	3.55
687	3.62
688	3.66
689	3.66
690	3.59
691	3.67
692	3.76
693	3.67
694	3.51
695	3.48
696	3.73
697	3.58
698	3.47
699	3.54
700	3.58
701	3.69
702	3.48
703	3.63
704	3.46
705	3.73
706	3.73
707	3.63
708	3.63
709	3.57
710	3.57
711	3.59
712	3.59
713	3.41
714	3.41
715	3.335
716	3.26
717	3.41
718	3.58
719	3.36
720	3.46
721	3.33
722	3.59
723	4.06
724	4.07
725	3.79
726	3.87
727	3.87
728	3.36
729	3.62
730	3.57
731	3.5
732	3.59
733	4.38
734	4.29
735	3.6
736	4.12
737	4.41
738	4.13
739	4.17
740	3.49
741	4.3
742	4.02
743	3.37
744	4.28
745	3.94
746	3.94
747	4.09
748	4.09
749	4.075
750	4.06
751	3.96
752	4.09
753	4.1
754	4.08
755	4.04
756	4.48
757	4.1
758	4.45
759	4.46
760	4.53
761	4.16
762	3.79
763	3.68
764	3.56
765	3.72
766	3.72
767	3.84
768	3.84
769	3.6
770	3.61
771	3.98
772	4.08
773	4.48
774	4.665
775	4.85
776	4.85
777	4.395
778	3.94
779	3.94
780	4.355
781	4.77
782	4.77
783	4.1
784	3.43
785	3.43
786	4.215
787	5
788	5
789	4.77
790	4.77
791	4.65
792	4.75
793	4.77
794	3.79
795	4.01
796	4.02
797	4.69
798	4.27
799	4.54
800	3.94
801	4.29
802	4.31
803	4.07
804	4.23
805	3.72
806	4.33
807	4.25
808	4.48
809	4.26
810	4.45
811	4.65
812	4.68
813	4.32
814	4.41
815	4.4
816	4.93
817	4.02
818	4.35
819	4.06
820	4.43
821	4.43
822	3.74
823	4.03
824	4.02
825	3.93
826	4.08
827	3.97
828	4.13
829	3.95
830	4.06
831	4.17
832	4.17
833	3.83
834	3.88
835	4.2
836	4.2
837	4.2
838	3.86
839	4.25
840	4.27
841	4.27
842	4.27
843	4.17
844	4.17
845	4.01
846	4.27
847	4.25
848	4.24
849	4.08
850	4.08
851	3.66
852	3.66
853	3.75
854	3.73
855	3.73
856	3.75
857	4.06
858	4.06
859	4.1
860	3.98
861	3.98
862	3.44
863	3.44
864	4.33
865	3.98
866	3.89
867	3.71
868	3.71
869	3.705
870	3.7
871	3.73
872	3.82
873	3.89
874	3.89
875	3.41
876	3.43
877	3.51
878	3.52
879	3.46
880	3.42
881	3.38
882	3.465
883	3.55
884	3.8
885	3.81
886	3.65
887	3.49
888	3.49
889	3.87
890	3.79
891	3.73
892	3.85
893	3.85
894	3.81
895	3.8
896	3.79
897	3.76
898	3.545
899	3.33
900	3.4
901	3.67
902	3.64
903	3.56
904	3.45
905	3.7
906	4.02
907	3.87
908	4.09
909	3.55
910	3.86
911	3.77
912	3.72
913	3.72
914	3.82
915	3.86
916	3.44
917	3.87
918	3.72
919	3.8
920	4
921	3.35
922	3.88
923	3.72
924	4.45
925	4.01
926	3.8
927	3.79
928	3.64
929	4.22
930	4.02
931	4.65
932	4.285
933	3.92
934	4.47
935	3.78
936	4.03
937	3.5
938	4.17
939	4.75
940	4.46
941	4.67
942	4.84
943	4.57
944	4.53
945	3.88
946	3.84
947	4.05
948	3.99
949	3.95
950	3.84
951	4.06
952	4.02
953	3.79
954	3.57
955	3.56
956	3.87
957	3.61
958	3.65
959	3.74
960	3.78
961	3.84
962	3.7
963	3.79
964	3.71
965	3.77
966	3.75
967	3.62
968	3.7
969	3.43
970	3.86
971	3.85
972	3.72
973	3.62
974	3.52
975	3.47
976	3.48
977	3.64
978	3.94
979	3.95
980	3.97
981	4.02
982	5.02
983	5.02
984	4.99
985	4.9
986	5.2
987	5.25
988	5.25
989	5.25
990	4.97
991	4.97
992	4.69
993	4.69
994	3.93
995	3.93
996	3.89
997	3.79
998	3.5
999	3.87
1000	3.87
1001	3.78
1002	3.51
1003	3.49
1004	3.82
1005	3.8
1006	3.8
1007	3.97
1008	3.97
1009	3.6
1010	3.6
1011	3.69
1012	3.69
1013	3.76
1014	3.74
1015	3.67
1016	3.83
1017	3.83
1018	3.68
1019	3.68
1020	3.7
1021	3.97
1022	4.02
1023	3.59
1024	3.61
1025	3.64
1026	3.66
1027	3.86
1028	3.93
1029	3.96
1030	3.99
1031	3.99
1032	3.71
1033	3.71
1034	3.64
1035	3.64
1036	3.4
1037	3.4
1038	3.45
1039	3.45
1040	3.54
1041	3.65
1042	3.67
1043	3.52
1044	3.52
1045	3.63
1046	3.32
1047	3.28
1048	3.36
1049	3.36
1050	3.34
1051	3.34
1052	3.57
1053	3.57
1054	3.49
1055	3.72
1056	3.44
1057	3.56
1058	3.46
1059	3.64
1060	3.45
1061	3.48
1062	3.4
1063	3.33
1064	3.27
1065	3.27
1066	3.25
1067	3.39
1068	3.36
1069	3.39
1070	3.27
1071	3.49
1072	3.18
1073	3.32
1074	3.41
1075	3.42
1076	3.46
1077	3.45
1078	3.49
1079	3.49
1080	3.6
1081	3.41
1082	3.53
1083	3.57
1084	3.95
1085	3.906666667
1086	3.863333333
1087	3.82
1088	3.82
1089	3.655
1090	3.49
1091	3.49
1092	3.503333333
1093	3.516666667
1094	3.53
1095	3.53
1096	3.575
1097	3.62
1098	3.62
1099	3.545
1100	3.47
1101	3.47
1102	3.595
1103	3.72
1104	3.72
1105	3.7375
1106	3.755
1107	3.7725
1108	3.79
1109	3.79
1110	3.81
1111	3.81
1112	3.87
1113	3.93
1114	3.93
1115	3.88
1116	3.88
1117	3.94
1118	3.94
1119	3.6
1120	3.6
1121	3.676666667
1122	3.753333333
1123	3.83
1124	3.86
1125	3.86
1126	3.67
1127	3.7
1128	3.57
1129	3.75
1130	3.73
1131	3.64
1132	3.61
1133	3.49
1134	3.55
1135	3.44
1136	3.39
1137	4.58
1138	4.58
1139	4.22
1140	4.08
1141	4.76
1142	4.73
1143	4.68
1144	4.75
1145	4.75
1146	4.71
1147	4.63
1148	4.55
1149	4.57
1150	3.86
1151	3.81
1152	3.79
1153	3.82
1154	3.85
1155	3.59
1156	3.75
1157	3.9
1158	4.16
1159	3.81
1160	3.87
1161	3.86
1162	3.79
1163	3.69
1164	3.97
1165	3.91
1166	4.04
1167	3.78
1168	3.86
1169	4.08
1170	3.76
1171	3.55
1172	3.64
1173	3.75
1174	3.69
1175	3.69
1176	3.71
1177	3.71
1178	3.7625
1179	3.815
1180	3.8675
1181	3.92
1182	3.92
1183	3.87
1184	3.87
1185	3.743333333
1186	3.616666667
1187	3.49
1188	3.49
1189	3.485
1190	3.48
1191	3.48
1192	3.73
1193	3.98
1194	4.23
1195	4.23
1196	4.073333333
1197	3.916666667
1198	3.76
1199	3.76
1200	3.645
1201	3.53
1202	3.415
1203	3.3
1204	3.32
1205	3.5
1206	3.28
1207	3.51
1208	3.26
1209	3.56
1210	3.68
1211	3.46
1212	3.26
1213	3.32
1214	3.38
1215	3.44
1216	3.44
1217	3.41
1218	3.41
1219	3.425
1220	3.44
1221	3.45
1222	3.41
1223	3.41
1224	3.38
1225	3.35
1226	3.35
1227	3.57
1228	3.57
1229	3.335
1230	3.1
1231	3.1
1232	3.28
1233	3.27
1234	3.2
1235	3.6
1236	3.27
1237	3.27
1238	3.29
1239	3.23
1240	3.3
1241	3.3
1242	3.59
1243	3.49
1244	3.33
1245	3.33
1246	3.36
1247	2.97
1248	3.35
1249	3.42
1250	3.39
1251	3.41
1252	3.45
1253	3.45
1254	3.53
1255	3.68
1256	3.84
1257	3.8
1258	3.81
1259	3.56
1260	3.66
1261	3.83
1262	3.72
1263	3.74
1264	4.14
1265	4.04
1266	4.35
1267	3.94
1268	4.33
1269	4.48
1270	4.12
1271	4.47
1272	4.46
1273	4.48
1274	4.2
1275	4.3
1276	4.2
1277	4.47
1278	4.03
1279	4.08
1280	3.88
1281	3.86
1282	4.03
1283	4.16
1284	4.28
1285	4.39
1286	4.5
1287	4.5
1288	4.506666667
1289	4.513333333
1290	4.52
1291	4.52
1292	4.535
1293	4.55
1294	4.55
1295	4.515
1296	4.48
1297	4.48
1298	4.51
1299	4.51
1300	4.99
1301	4.99
1302	4.63
1303	4.68
1304	4.56
1305	4.79
1306	4.79
1307	4.65
1308	5.08
1309	5.32
1310	5.14
1311	5.065
1312	4.99
1313	4.99
1314	4.99
1315	5.0925
1316	5.195
1317	5.2975
1318	5.4
1319	5.25
1320	5.05
1321	5.03
1322	4.96
1323	5.02
1324	4.89
1325	5.2
1326	5.08
1327	5.13
1328	5.13
1329	4.34
1330	4.5
1331	5.76
1332	5.9
1333	5.22
1334	5.41
1335	5.16
1336	4.68
1337	4.94
1338	4.92
1339	4.79
1340	5.12
1341	4.59
1342	4.62
1343	4.71
1344	4.56
1345	4.71
1346	4.53
1347	4.62
1348	4.96
1349	4.82
1350	4.51
1351	4.52
1352	4.7
1353	4.58
1354	4.34
1355	4.4
1356	4.46
1357	4.46
1358	4.48
1359	4.48
1360	4.82
1361	4.82
1362	4.795
1363	4.77
1364	4.77
1365	4.34
1366	4.34
1367	4.41
1368	4.41
1369	4.74
1370	5.07
1371	5.07
1372	5.01
1373	4.95
1374	4.95
1375	4.99
1376	4.99
1377	4.77
1378	4.77
1379	4.92
1380	5.07
1381	5.07
1382	4.63
1383	4.63
1384	4.785
1385	4.94
1386	4.94
1387	4.78
1388	4.78
1389	4.81
1390	4.84
1391	4.84
1392	4.31
1393	4.31
1394	4.45
1395	4.59
1396	4.73
1397	4.73
1398	4.705
1399	4.68
1400	4.68
1401	4.67
1402	4.67
1403	4.73
1404	4.73
1405	4.71
1406	4.71
1407	4.725
1408	4.74
1409	4.74
1410	4.67
1411	4.7
1412	4.71
1413	4.62
1414	4.62
1415	4.48
1416	4.51
1417	4.18
1418	4.18
1419	4.18
1420	4.34
1421	4.62
1422	4.62
1423	4.665
1424	4.71
1425	4.755
1426	4.8
1427	4.8
1428	4.82
1429	4.75
1430	5.02
1431	4.52
1432	4.76
1433	4.58
1434	4.71
1435	4.51
1436	4.72
1437	4.68
1438	4.84
1439	4.26
1440	5.2
1441	5.4
1442	5.57
1443	4.8
1444	5
1445	5.02
1446	4.94
1447	4.83
1448	4.63
1449	4.63
1450	4.97
1451	5.31
1452	5.33
1453	4.73
1454	5.26
1455	6.93
1456	6.52
1457	6.52
1458	5.735
1459	4.95
1460	4.9
1461	5.78
1462	4.75
1463	4.61
1464	4.93
1465	5.23
1466	4.935
1467	4.64
1468	4.87
1469	4.58
1470	4.72
1471	4.64
1472	4.57
1473	4.32
1474	4.62
1475	4.77
1476	5
1477	4.94
1478	5.07
1479	4.63
1480	4.74
1481	5.17
1482	5.555
1483	5.94
1484	5.4
1485	5.17
1486	4.72
1487	4.51
1488	5.57
1489	4.35
1490	4.43
1491	3.75
1492	4.4
1493	4.56
1494	4.4775
1495	4.395
1496	4.3125
1497	4.23
1498	4.23
1499	4.5325
1500	4.835
1501	5.1375
1502	5.44
1503	5.44
1504	6.74
1505	6.74
1506	6.276
1507	5.812
1508	5.348
1509	4.884
1510	4.42
1511	4.56
1512	4.33
1513	4.1
1514	3.87
1515	3.87
1516	4.1
1517	4.33
1518	4.56
1519	4.53
1520	4.46
1521	4.5
1522	4.54
1523	4.56
1524	4.25
1525	4.19
1526	4.55
1527	4.4
1528	4.25
1529	4.21
1530	4.53
1531	4.75
1532	4.64
1533	4.51
1534	4.87
1535	5.3
1536	5
1537	4.78
1538	4.56
1539	4.72
1540	4.62
1541	4.62
1542	4.71
1543	5.86
1544	5.86
1545	5.17
1546	4.82
1547	5
1548	5
1549	5.22
1550	5.3
1551	5.56
1552	5.71
1553	5.71
1554	5.666666667
1555	5.623333333
1556	5.58
1557	5.58
1558	6.01
1559	6.01
1560	6.035
1561	6.06
1562	5.72
1563	4.25
1564	4.41
1565	4.57
1566	4.57
1567	4.5
1568	4.33
1569	4.215
1570	4.1
1571	4.1
1572	4.415
1573	4.73
1574	4.79
1575	4.85
1576	4.85
1577	4.85
1578	4.943333333
1579	5.036666667
1580	5.13
1581	5.13
1582	4.99
1583	4.99
1584	4.95
1585	4.91
1586	4.91
1587	4.16
1588	4.65
1589	4.88
1590	4.73
1591	5.1
1592	5.01
1593	4.92
1594	4.63
1595	4.67
1596	4.63
1597	4.97
1598	5.4
1599	4.61
1600	4.95
1601	5.09
1602	6.76
1603	5.92
1604	5.4
1605	4.88
1606	4.92
1607	4.98
1608	4.9
1609	5.24
1610	5.08
1611	4.95
1612	5.08
1613	4.66
1614	4.48
1615	4.96
1616	6.22
1617	6.22
1618	6.755
1619	7.29
1620	5.45
1621	5.53
1622	5.605
1623	5.68
1624	5.78
1625	5.83
1626	5.48
1627	5.33
1628	5.27
1629	5.12
1630	5.28
1631	5.11
1632	5
1633	5.02
1634	5.47
1635	5.1
1636	5.12
1637	5.14
1638	5.47
1639	5.88
1640	5.57
1641	5.79
1642	6.02
1643	5.94
1644	6.71
1645	5.73
1646	7.09
1647	6.87
1648	6.29
1649	7.09
1650	6.48
1651	6.75
1652	6.75
1653	6.96
1654	6.64
1655	7.54
1656	6.71
1657	6.67
1658	7.53
1659	7.32
1660	6.84
1661	6.71
1662	6.66
1663	6.965
1664	7.27
1665	7.47
1666	7.89
1667	7.79
1668	7.79
1669	7.28
1670	8.17
1671	8.61
1672	7.8
1673	6.99
1674	6.18
1675	6.18
1676	5.73
1677	5.73
1678	5.38
1679	5.38
1680	5.6225
1681	5.865
1682	6.1075
1683	6.35
1684	6.34
1685	5.99
1686	5.63
1687	5.71
1688	5.84
1689	6.45
1690	7.07
1691	8.14
1692	7.92
1693	7.61
1694	8.08
1695	6.11
1696	5.91
1697	6.85
1698	6.43
1699	6.71
1700	6.89
1701	6.32
1702	7.31
1703	6.27
1704	9.11
1705	9.08
1706	6.92
1707	7.24
1708	7.18
1709	6.85
1710	7.21
1711	7.57
1712	6.83
1713	5.61
1714	6.205
1715	6.8
1716	6.83
1717	7.14
1718	6.51
1719	6.49
1720	5.86
1721	6.31
1722	6.58
1723	6.72
1724	6.77
1725	6.24
1726	6.75
1727	6.09
1728	5.87
1729	4.91
1730	5.09
1731	5.1
1732	5.68
1733	6.86
1734	6.88
1735	6.74
1736	6.6
1737	6.6
1738	6.74
1739	6.88
1740	7.02
1741	7.16
1742	7.3
1743	7.47
1744	5.88
1745	5.1
1746	6.75
1747	7.09
1748	7.01
1749	7.15
1750	7.21
1751	7.08
1752	7.08
1753	7.04
1754	7.05
1755	7.19
1756	6.62
1757	5.71
1758	5.89
1759	6.1
1760	7.29
1761	7.29
1762	7.23
1763	7.14
1764	7
1765	6.92
1766	6.88
1767	6.96
1768	6.91
1769	7.02
1770	7.05
1771	6.81
1772	6.82
1773	6.98
1774	6.9
1775	6.55
1776	6.81
1777	7.61
1778	7.63
1779	7.115
1780	6.6
1781	6.6
1782	7.55
1783	7.32
1784	6.88
1785	6.94
1786	7.79
1787	7.04
1788	6.54
1789	6.5
1790	6.68
1791	6.69
1792	6.69
1793	7.12
1794	6.87
1795	6.83
1796	6.11
1797	7.23
1798	7.56
1799	7.43
1800	7.01
1801	6.67
1802	6.86
1803	6.83
1804	6.72
1805	6.89
1806	6.93
1807	6.93
1808	6.97
1809	6.81
1810	6.8
1811	6.98
1812	6.98
1813	6.86
1814	6.86
1815	6.91
1816	6.69
1817	6.69
1818	6.68
1819	6.39
1820	6.97
1821	7.31
1822	6.9
1823	7.27
1824	6.37
1825	6.14
1826	6.72
1827	6.71
1828	6.14
1829	7.1
1830	7.1
1831	6.88
1832	7.4
1833	7.32
1834	7.47
1835	6.94
1836	7.32
1837	7.42
1838	7.32
1839	7.62
1840	6.9
1841	6.63
1842	6.94
1843	7.21
1844	7.48
1845	7.17
1846	6.94
1847	6.94
1848	7.25
1849	7.22
1850	7.18
1851	7.98
1852	8.03
1853	6.98
1854	7.27
1855	7.25
1856	7.01
1857	6.83
1858	6.64
1859	7.06
1860	7.18
1861	7.62
1862	7.62
1863	6.77
1864	7.22
1865	7.32
1866	7.47
1867	7.82
1868	9.2
1869	7.98
1870	7.78
1871	7.98
1872	7.86
1873	8.41
1874	8.32
1875	7.5
1876	8.92
1877	8.51
1878	8.5
1879	9.365
1880	10.23
1881	10.23
1882	6.78
1883	7.74
1884	7.58
1885	9.24
1886	9.11
1887	9.2
1888	9.22
1889	8.81
1890	9.1
1891	9.26
1892	9.01
1893	8.98
1894	8.83
1895	8.85
1896	8.42
1897	8.7
1898	8.09
1899	8.32
1900	8.55
1901	8.78
1902	8.62
1903	8.71
1904	8.9
1905	8.34
1906	8.89
1907	8.48
1908	8.24
1909	8
1910	7.62
1911	8.88
1912	9.05
1913	9.11
1914	8.46
1915	8.563333333
1916	8.666666667
1917	8.77
1918	8.69
1919	8.69
1920	8.77
1921	8.385
1922	8
1923	8.08
1924	7.8
1925	8.73
1926	8.78
1927	14.21
1928	13.8
1929	20.38
1930	17.82
1931	15.51
1932	17.06
1933	11.16
1934	13.19
1935	8.1
1936	12.71
1937	17.31
1938	11.69
1939	11.86
1940	9.31
1941	6.6
1942	9.31
1943	10.39
1944	8.21
1945	7.01
1946	10.52
1947	10.52
1948	7.61
1949	10.83
1950	9.24
1951	6.51
1952	9.74
1953	11.05
1954	7.69
1955	10.18
1956	11.47
1957	10.35
1958	10.92
1959	12.83
1960	12.58
1961	13.91
1962	14.33
1963	14.95
1964	14.66
1965	14.37
1966	14.51
1967	14.6
1968	14.23
1969	14.08
1970	11.69
1971	12.1
1972	12.34
1973	12.55
1974	12.89
1975	14.11
1976	13.99
1977	14.07
1978	14.12
1979	13.94
1980	13.3
1981	13.53
1982	13.19
1983	13.79
1984	13.35
1985	13.56
1986	13.71
1987	13.69
1988	13.69
1989	13.16
1990	17.1
1991	18.52
1992	18.52
1993	18.91
1994	18.65
1995	18.49
1996	19.39
1997	21.27
1998	21.37
1999	19.85
2000	22.69
2001	19.7
2002	19.71
2003	23.7
2004	23.26
2005	22.61
2006	23.13
2007	23.05
2008	23.07
2009	22.63
2010	22.89
2011	23.9
2012	22.51
2013	21.05
2014	19.73
2015	20.19
2016	18.73
2017	19.81
2018	19.97
2019	21.03
2020	20.06
2021	20.22
2022	19.82
2023	20.09
2024	21.17
2025	19.25
2026	17.97
2027	18.64
2028	19.39
2029	17.98
2030	18.81
2031	17.12
2032	17.46
2033	17.58
2034	19.39
2035	19.66
2036	21.23
2037	18.32
2038	18.57
2039	21.25
2040	20.11
2041	20.35
2042	20.66
2043	21.3
2044	21.04
2045	21.16
2046	21.57
2047	20.57
2048	16.65
2049	12.03
2050	13.64
2051	14.43
2052	17.47
2053	16.74
2054	17.74
2055	17.46
2056	18.52
2057	20.74
2058	21.97
2059	22.08
2060	20.57
2061	22.55
2062	23.87
2063	23.02
2064	21.81
2065	21.42
2066	22.24
2067	21.17
2068	19.37
2069	22.71
2070	21
2071	20.93
2072	20.64
2073	20.98
2074	19.31
2075	13.91
2076	14.32
2077	24.34
2078	19.29
2079	25.03
2080	22.33
2081	20.96
2082	23.02
2083	18.35
2084	3.41
2085	3.35
2086	3.47
2087	3.3
2088	3.82
2089	3.1
2090	2.64
2091	2.5
2092	2.5
2093	3.47
2094	3.42
2095	3.31
2096	3.83
2097	3.89
2098	3.64
2099	3.83
2100	3.98
2101	3.92
2102	3.92
2103	5.21
2104	5.33
2105	6.14
2106	5.04
2107	5.51
2108	5.28
2109	5.05
2110	6.97
2111	6.97
2112	10.13
2113	9.78
2114	8.93
2115	8.81
2116	9.51
2117	12.19
2118	14.22
2119	11.89
2120	13.99
2121	12.9
2122	12.3
2123	11.92
2124	11.94
2125	12.15
2126	6.98
2127	6.98
2128	7.08
2129	7.17
2130	7.37
2131	9.5
2132	8.14
2133	8.29
2134	6.78
2135	6.78
2136	5.75
2137	7.92
2138	5.89
2139	4.1
2140	4.77
2141	5.42
2142	6.36
2143	6.64
2144	6.88
2145	7.36
2146	7.39
2147	8.24
2148	5.42
2149	8.03
2150	6.25
2151	7.94
2152	7.53
2153	7.17
2154	7.39
2155	7.62
2156	7.1
2157	6.625
2158	6.15
2159	6.15
2160	6.62
2161	6.62
2162	8.5
2163	7.6
2164	6.12
2165	6.73
2166	6.93
2167	6.59
2168	6.46
2169	6.79
2170	6.64
2171	5.41
2172	6.2
2173	5.88
2174	5.24
2175	5.49
2176	5.79
2177	6.21
2178	5.61
2179	5.53
2180	5.56
2181	6.78
2182	6.72
2183	6.39
2184	6.38
2185	6.29
2186	7.17
2187	7.74
2188	7.19
2189	9.65
2190	8.4
2191	7.82
2192	7.31
2193	8.005
2194	8.7
2195	7.18
2196	7.08
2197	6.84
2198	6.21
2199	8.02
2200	8.03
2201	6.03
2202	8.63
2203	8.67
2204	7.26
2205	7.36
2206	8.58
2207	8.92
2208	12.12
2209	10.78
2210	8.85
2211	9.52
2212	9.32
2213	9.47
2214	6.44
2215	7.24
2216	7.4
2217	7.48
2218	6.98
2219	8.62
2220	11.08
2221	16.17
2222	16.68
2223	15.14
2224	14.69
2225	14.72
2226	14.32
2227	19.7
2228	25.08
2229	27.58
2230	28.65
2231	27.73
2232	24.19
2233	23.88
2234	11.25
2235	7.85
2236	8.44
2237	8.5
2238	9.1
2239	7.69
2240	7.97
2241	8.78
2242	6.49
2243	8.32
2244	10.72
2245	12.69
2246	12.98
2247	14.21
2248	12.53
2249	11.1
2250	12.17
2251	10.19
2252	11.2
2253	9.8
2254	11.17
2255	11.54
2256	11.76
2257	14.48
2258	13.53
2259	14.04
2260	13.8
2261	13.82
2262	15.33
2263	14.19
2264	14.48
2265	13.91
2266	12.4
2267	12.93
2268	12.64
2269	13.61
2270	12.25
2271	13.37
2272	13.63
2273	11.13
2274	11.15
2275	10.95
2276	9.08
2277	9.92
2278	7.54
2279	8.06
2280	7.01
2281	7.91
2282	6.81
2283	6.95
2284	7.16
2285	7.07
2286	7.55
2287	7.67
2288	7.79
2289	7.91
2290	8.03
2291	8.03
2292	7.64
2293	7.64
2294	7.105
2295	6.57
2296	6.56
2297	6.52
2298	6.26
2299	5.79
2300	5.79
2301	6.46
2302	6.46
2303	6.4
2304	6.37
2305	5.74
2306	5.02
2307	4.92
2308	5.37
2309	5.31
2310	4.03
2311	3.09
2312	3.64
2313	3.64
2314	4.41
2315	4.41
2316	4.98
2317	4.87
2318	4.75
2319	5.87
2320	5.79
2321	5.03
2322	4.62
2323	5.32
2324	4.66
2325	4.65
2326	4.56
2327	4.5
2328	5.63
2329	5.62
2330	5.46
2331	4.39
2332	4.39
2333	4.39
2334	4.37
2335	4.35
2336	4.18
2337	4.53
2338	4.53
2339	4.5
2340	4.53
2341	4.64
2342	5.78
2343	5.41
2344	4.77
2345	4.95
2346	5.16
2347	4.88
2348	5.14
2349	5.24
2350	5.22
2351	5.25
2352	5.33
2353	5.04
2354	5.07
2355	5.04
2356	5.04
2357	4.96
2358	4.9
2359	4.72
2360	5.84
2361	5.84
2362	5.33
2363	5.37
2364	5.77
2365	5.1
2366	5.46
2367	4.86
2368	4.79
2369	5.78
2370	5.77
2371	5.38
2372	5.38
2373	6.28
2374	4.92
2375	4.86
2376	5.07
2377	5.02
2378	4.92
2379	5.04
2380	4.86
2381	5.15
2382	5.19
2383	5.48
2384	4.95
2385	5.02
2386	4.76
2387	5.01
2388	4.92
2389	4.78
2390	4.96
2391	4.73
2392	4.72
2393	4.88
2394	4.88
2395	4.65
2396	4.65
2397	4.835
2398	5.02
2399	5.02
2400	5.005
2401	4.99
2402	4.975
2403	4.96
2404	4.96
2405	4.685
2406	4.41
2407	4.41
2408	4.485
2409	4.56
2410	4.56
2411	4.72
2412	4.56
2413	5.08
2414	7.17
2415	7.81
2416	7.82
2417	7.47
2418	6.94
2419	7.19
2420	8.77
2421	21.81
2422	9.19
2423	7.45
2424	11.35
2425	16.62
2426	21.18
2427	15.25
2428	24.96
2429	18.49
2430	19.98
2431	20.89
2432	20.79
2433	24.02
2434	17.55
2435	23.75
2436	20.47
2437	20.32
2438	19.54
2439	21.16
2440	21.21
2441	22.28
2442	25.94
2443	18.7
2444	18.7
2445	17.27
2446	15.84
2447	15.84
2448	15.52
2449	15.2
2450	14.88
2451	14.88
2452	15.315
2453	15.75
2454	16.185
2455	16.62
2456	16.62
2457	16.64333333
2458	16.66666667
2459	16.69
2460	16.69
2461	16.765
2462	16.84
2463	16.84
2464	17.24
2465	17.64
2466	17.64
2467	18.42
2468	19.2
2469	19.2
2470	18.87333333
2471	18.54666667
2472	18.22
2473	18.22
2474	17.51
2475	16.8
2476	16.8
2477	17.895
2478	18.99
2479	18.99
2480	17.485
2481	15.98
2482	15.98
2483	16.11
2484	16.24
2485	16.24
2486	16.64
2487	17.04
2488	17.04
2489	18.01
2490	18.98
2491	18.98
2492	18.98
2493	18.98
2494	22.44
2495	18.14
2496	19.88
2497	18.36
2498	19.53
2499	17.4
2500	19.54
2501	16.44
2502	15.77
2503	16.88
2504	18.36
2505	15.87
2506	21.61
2507	16.58
2508	19.91
2509	20.22
2510	21.36
2511	21.36
2512	20.965
2513	20.57
2514	20.73
2515	19.7
2516	20.13
2517	20.45
2518	21.28
2519	18.99
2520	18.83
2521	17.79
2522	17.85
2523	17.85
2524	18
2525	17.95
2526	15.59
2527	12.45
2528	12.31
2529	12.81
2530	14.75
2531	14.28
2532	13.71
2533	15.87
2534	17.74
2535	12.72
2536	12.68
2537	12.5
2538	11.51
2539	11.51
2540	11.53
2541	11.88
2542	12.97
2543	16.3
2544	16.3
2545	17.05
2546	16.92
2547	19.55
2548	23.22
2549	22.6
2550	21.18
2551	21.64
2552	21.59
2553	22.59
2554	22.59
2555	21.73
2556	22.35
2557	22.49
2558	22.57
2559	22.42
2560	23.41
2561	24.24
2562	24.69
2563	23.94
2564	24.37
2565	24.46
2566	26.97
2567	23.89
2568	23.24
2569	21.71
2570	21.28
2571	21.83
2572	22.35
2573	20.31
2574	20.738
2575	21.166
2576	21.594
2577	22.022
2578	22.45
2579	22.45
2580	22.17875
2581	21.9075
2582	21.63625
2583	21.365
2584	21.09375
2585	20.8225
2586	20.55125
2587	20.28
2588	20.28
2589	20.32166667
2590	20.36333333
2591	20.405
2592	20.44666667
2593	20.48833333
2594	20.53
2595	20.53
2596	20.645
2597	20.76
2598	20.875
2599	20.99
2600	21.105
2601	21.22
2602	21.22
2603	21.32714286
2604	21.43428571
2605	21.54142857
2606	21.64857143
2607	21.75571429
2608	21.86285714
2609	21.97
2610	22.3
2611	22.2
2612	23.23
2613	23.04
2614	22.54
2615	24.58
2616	23.21
2617	22.66
2618	22.59
2619	23.36
2620	22.93
2621	22.03
2622	21.81
2623	22.2
2624	20.82
2625	20.95
2626	23.46
2627	22.64
2628	20.99
2629	21.9
2630	23.09
2631	21.28
2632	20.93
2633	19.74
2634	18.88
2635	20.26
2636	18.49
2637	18.42
2638	18.99
2639	17.9
2640	18.91
2641	18.21
2642	19.38
2643	21.5
2644	21.24
2645	21.99
2646	18.06
2647	18.33
2648	18.97
2649	20.09
2650	21.46
2651	19.36
2652	18.37
2653	18.86
2654	18.66
2655	18.56
2656	18.31
2657	18.19
2658	19.4
2659	20.65
2660	18.98
2661	18.68
2662	19.16
2663	18.18
2664	18.27
2665	17.36
2666	18.91
2667	18.49
2668	17.03
2669	15.925
2670	14.82
2671	16.05
2672	16.06
2673	15.88
2674	15.51
2675	16.89
2676	17.5
2677	15.68
2678	14.02
2679	15.99
2680	14.76
2681	13.85
2682	10.53
2683	11.91
2684	12.56
2685	13.23
2686	13.68
2687	13.01
2688	15.01
2689	12.23
2690	15.78
2691	15.64
2692	17.92
2693	18.06
2694	15.72
2695	15.13
2696	16.45
2697	17.23
2698	14.99
2699	15.25
2700	16.59
2701	13.24
2702	15.2
2703	14.4
2704	13.72
2705	11.33
2706	12.01
2707	13.35
2708	13.13
2709	13.72
2710	11.69
2711	12.55
2712	14.89
2713	12.34
2714	13.15
2715	13.87
2716	15.81
2717	15.66
2718	16.33
2719	15.57
2720	13.59
2721	16.28
2722	19.59
2723	19.98
2724	14.49
2725	14.49
2726	20.21
2727	20.21
2728	22.97
2729	18.61
2730	11.62
2731	10.24
2732	10.53
2733	13.96
2734	14.76
2735	19.65
2736	19.29
2737	18.08
2738	18.81
2739	19.16
2740	19.22
2741	19.22
2742	12.97
2743	12.97
2744	9.71
2745	9.71
2746	11.545
2747	13.38
2748	13.38
2749	13.39
2750	13.39
2751	12.92
2752	13.73
2753	14.13
2754	14.97
2755	15.835
2756	16.7
2757	14.53
2758	12.92
2759	10.22
2760	10.57
2761	9.46
2762	9.16
2763	10.22
2764	10.22
2765	9.613333333
2766	9.006666667
2767	8.4
2768	9.17
2769	9.13
2770	9.04
2771	8.6
2772	8.84
2773	8.63
2774	8.47
2775	8.39
2776	9.69
2777	10.69
2778	10.53
2779	9.61
2780	10.73
2781	11.85
2782	13.81
2783	13.76
2784	8.93
2785	10.14
2786	9.2
2787	9.2
2788	9.39
2789	9.29
2790	10.33
2791	11.82
2792	11.28
2793	11.4
2794	9.73
2795	8.69
2796	9.07
2797	11.92
2798	11.87
2799	12.26
2800	11.57
2801	10.49
2802	7.67
2803	7.89
2804	9.85
2805	10.47
2806	7.83
2807	7.25
2808	7.16
2809	7.5
2810	7.42
2811	7.41
2812	7.14
2813	7.39
2814	7.39
2815	7.15
2816	7.16
2817	7.17
2818	7.04
2819	7.04
2820	9.52
2821	9.52
2822	9.75
2823	9.75
2824	8.91
2825	8.91
2826	9.96
2827	9.96
2828	9.05
2829	9.05
2830	9.265
2831	9.48
2832	9.22
2833	7.13
2834	9.15
2835	7.94
2836	7.24
2837	7.21
2838	7.42
2839	7.35
2840	6.94
2841	7.69
2842	6.85
2843	7.53
2844	6.82
2845	7.08
2846	6.77
2847	6.94
2848	6.63
2849	6.68
2850	6.63
2851	6.71
2852	6.72
2853	6.68
2854	6.96
2855	6.76
2856	6.58
2857	6.9
2858	6.56
2859	6.9
2860	6.98
2861	6.84
2862	6.85
2863	6.67
2864	6.22
2865	6.65
2866	6.96
2867	6.44
2868	6.68
2869	6.02
2870	6.56
2871	6.56
2872	6.42
2873	6.28
2874	6.32
2875	6.64
2876	6.4
2877	6.26
2878	6.25
2879	6.73
2880	6.52
2881	6.86
2882	7.64
2883	8.42
2884	9.7
2885	9.14
2886	7.9
2887	6.96
2888	9.56
2889	9.56
2890	7.26
2891	7.27
2892	6.58
2893	7.22
2894	8
2895	11.99
2896	11.54
2897	9.82
2898	8.1
2899	8.16
2900	7.1
2901	6.92
2902	6.95
2903	6.87
2904	6.87
2905	6.56
2906	6.5
2907	6.49
2908	6.28
2909	7.13
2910	7.13
2911	7.14
2912	6.98
2913	6.72
2914	6.96
2915	6.79
2916	7.34
2917	6.95
2918	7.25
2919	6.81
2920	6.44
2921	6.41
2922	7.46
2923	6.52
2924	5.96
2925	4.98
2926	3.91
2927	4.28
2928	4.92
2929	4.33
2930	3.74
2931	3.71
2932	3.58
2933	3.57
2934	3.82
2935	3.69
2936	3.85
2937	3.78
2938	3.74
2939	4.02
2940	4.23
2941	3.68
2942	3.78
2943	3.87
2944	3.82
2945	3.78
2946	3.97
2947	3.64
2948	3.44
2949	4.15
2950	4.18
2951	4.21
2952	4.07
2953	4.97
2954	6.83
2955	7.38
2956	7.93
2957	7.93
2958	16.06
2959	16.43
2960	16.53
2961	17
2962	15.44
2963	14.23
2964	14.41
2965	15.3
2966	15.34
2967	14.98
2968	15.69
2969	14.95
2970	11.54
2971	10.96
2972	11.87
2973	13.49
2974	15.24
2975	14.72
2976	13.68
2977	12.97
2978	13.35
2979	13.35
2980	12.61
2981	9.7
2982	9.47
2983	9.09
2984	8.88
2985	10.12
2986	11.73
2987	11.45
2988	10.395
2989	9.34
2990	11.53
2991	10.71
2992	8.75
2993	8.75
2994	7.6
2995	7.77
2996	8.22
2997	8.7
2998	9.01
2999	10.77
3000	10.96
3001	9.69
3002	10.4
3003	10.88
3004	11.36
3005	16.68
3006	21.66
3007	13.3
3008	10.82
3009	10.79
3010	9.35
3011	9.27
3012	9.24
3013	8.95
3014	8.27
3015	8.06
3016	7.55
3017	7.88
3018	8.99
3019	9.1
3020	9.06
3021	8.84
3022	8.79
3023	8.17
3024	8.25
3025	8.38
3026	7.77
3027	7.4
3028	7.84
3029	7.17
3030	7.17
3031	6.96
3032	6.16
3033	5.16
3034	3.12
3035	3.12
3036	3.01
3037	3.75
3038	6.08
3039	4.37
3040	3.04
3041	2.96
3042	3.51
3043	4.06
3044	8.35
3045	6.56
3046	6.7
3047	6.35
3048	7.11
3049	7.87
3050	21.74
3051	22.79
3052	19
3053	17.52
3054	16.51
3055	14.28
3056	12.33
3057	11.83
3058	12.27
3059	15.36
3060	15.31
3061	13.51
3062	17.2
3063	16.44
3064	16.17
3065	17.29
3066	13.39
3067	13.39
3068	14.67
3069	16.21
3070	15.3
3071	14.28
3072	12.77
3073	17.66
3074	12.27
3075	11.15
3076	14.73
3077	13.54
3078	14.81
3079	15
3080	14.03
3081	15.06
3082	16.7
3083	15.91
3084	15.6
3085	15.68
3086	14.28
3087	13.19
3088	13.99
3089	15.25
3090	13.93
3091	10.73
3092	9.405
3093	8.08
3094	8.58
3095	9.93
3096	7.59
3097	6.79
3098	7.74
3099	8.24
3100	7.55
3101	7.12
3102	7.44
3103	7.44
3104	11.39
3105	11.39
3106	8.24
3107	11.8
3108	7.75
3109	7.88
3110	8.28
3111	7.61
3112	7.49
3113	10.4
3114	7.38
3115	6.95
3116	6.44
3117	7.17
3118	6.99
3119	6.8
3120	6.69
3121	5.97
3122	6.18
3123	5.95
3124	6.085
3125	6.22
3126	6.22
3127	5.965
3128	5.71
3129	5.71
3130	5.67
3131	5.63
3132	5.63
3133	5.65
3134	5.67
3135	5.67
3136	5.9
3137	6.13
3138	6.13
3139	6.535
3140	6.94
3141	6.94
3142	6.67
3143	6.4
3144	6.4
3145	6.3
3146	6.2
3147	6.1
3148	6.1
3149	5.87
3150	5.64
3151	5.81
3152	6.75
3153	7.69
3154	7.7
3155	7.75
3156	10.54
3157	10.74
3158	11.51
3159	10.16
3160	10.78
3161	15.02
3162	15.02
3163	15.55
3164	13.44
3165	11.46
3166	10.69
3167	11.03
3168	10.55
3169	9.81
3170	10.43666667
3171	11.06333333
3172	11.69
3173	13.4
3174	11.24
3175	10.6
3176	8.87
3177	8.78
3178	9.04
3179	8.59
3180	8.29
3181	8.55
3182	9.54
3183	9.22
3184	8.98
3185	8.77
3186	8.43
3187	8.52
3188	8.64
3189	8.79
3190	8.96
3191	9.44
3192	10.32
3193	9.82
3194	8.46
3195	8.33
3196	8.87
3197	9.14
3198	9.96
3199	9.44
3200	8.73
3201	8.73
3202	10.37
3203	10.37
3204	10.37
3205	12.07
3206	11.66
3207	12.8
3208	13.22
3209	13.84
3210	12.06
3211	10.59
3212	9.76
3213	9.98
3214	9.85
3215	9.8
3216	9.28
3217	9.31
3218	10.11
3219	9.845
3220	9.58
3221	9.58
3222	9.83
3223	9.19
3224	9.71
3225	9.65
3226	10.28
3227	11.14
3228	10.67
3229	10.02
3230	9.21
3231	9.44
3232	9.59
3233	9.38
3234	8.9
3235	8.47
3236	9.04
3237	8.97
3238	8.27
3239	7.92
3240	7.72
3241	8.64
3242	8.6
3243	8.71
3244	8.18
3245	7.94
3246	9.315
3247	10.69
3248	9.41
3249	9.84
3250	7.17
3251	4.79
3252	5.16
3253	6.61
3254	10.33
3255	11.1
3256	11.77
3257	11.55
3258	10.05
3259	11.55
3260	11.62
3261	10.48
3262	11.49
3263	9.78
3264	9.21
3265	9.02
3266	9.06
3267	12.03
3268	11.97
3269	10.87
3270	7.56
3271	9.97
3272	7.45
3273	9.63
3274	10.39
3275	10.98
3276	11.57
3277	9.61
3278	7.02
3279	6.83
3280	9.4
3281	9.22
3282	8.74
3283	8.21
3284	9.48
3285	9.02
3286	8.96
3287	8.35
3288	8.35
3289	8.41
3290	8.41
3291	8.73
3292	9.05
3293	9.37
3294	9.69
3295	9.76
3296	9.86
3297	9.84
3298	9.82
3299	9.82
3300	7.78
3301	7.78
3302	8.02
3303	8.18
3304	7.64
3305	5.9
3306	7.48
3307	6.42
3308	2.96
3309	2.83
3310	3.15
3311	3.15
3312	2.57
3313	2.57
3314	2.73
3315	2.73
3316	2.83
3317	2.93
3318	2.91
3319	2.71
3320	2.74
3321	3.1
3322	2.78
3323	2.97
3324	2.85
3325	2.86
3326	2.99
3327	2.82
3328	2.02
3329	2.24
3330	2.46
3331	2.46
3332	2.43
3333	2.4
3334	2.4
3335	2.295
3336	2.19
3337	2.19
3338	2.29
3339	2.39
3340	2.49
3341	2.49
3342	2.75
3343	2.77
3344	2.99
3345	2.72
3346	2.8
3347	2.81
3348	2.36
3349	2.33
3350	2.55
3351	2.25
3352	2.28
3353	2.29
3354	2.5
3355	2.33
3356	2.28
3357	2.41
3358	2.43
3359	2.83
3360	2.76
3361	2.68
3362	2.38
3363	2.545
3364	2.71
3365	2.83
3366	2.42
3367	2.46
3368	2.74
3369	2.48
3370	2.41
3371	2.41
3372	2.15
3373	2.24
3374	2.26
3375	2.155
3376	2.05
3377	2.05
3378	2.166666667
3379	2.283333333
3380	2.4
3381	2.4
3382	2.02
3383	2.02
3384	1.84
3385	2.19
3386	2.34
3387	2.03
3388	2.03
3389	1.73
3390	1.73
3391	1.45
3392	1.56
3393	1.73
3394	1.57
3395	1.47
3396	1.68
3397	1.72
3398	1.64
3399	1.56
3400	1.56
3401	1.41
3402	1.38
3403	1.47
3404	1.46
3405	1.47
3406	1.57
3407	1.53
3408	1.5
3409	1.57
3410	1.48
3411	1.37
3412	1.26
3413	1.23
3414	1.34
3415	1.4
3416	1.382
3417	1.364
3418	1.346
3419	1.328
3420	1.31
3421	1.31
3422	1.3275
3423	1.345
3424	1.3625
3425	1.38
3426	1.38
3427	1.3775
3428	1.375
3429	1.3725
3430	1.37
3431	1.37
3432	1.34
3433	1.31
3434	1.28
3435	1.25
3436	1.22
3437	1.19
3438	1.19
3439	1.225
3440	1.26
3441	1.295
3442	1.33
3443	1.365
3444	1.4
3445	1.4
3446	1.336666667
3447	1.273333333
3448	1.21
3449	1.13
3450	1.03
3451	1.17
3452	1.17
3453	1.18
3454	1.3
3455	1.32
3456	1.02
3457	1.046666667
3458	1.073333333
3459	1.1
3460	0.98
3461	0.86
3462	0.96
3463	1.06
3464	1.06
3465	1.09
3466	1.14
3467	1.11
3468	1.1
3469	1.13
3470	1.1
3471	1.32
3472	1.26
3473	1.17
3474	1.24
3475	1.28
3476	1.33
3477	1.12
3478	1.19
3479	1.41
3480	1.43
3481	1.55
3482	1.55
3483	1.39
3484	1.31
3485	1.24
3486	1.34
3487	1.21
3488	1.17
3489	1.17
3490	1.16
3491	1.15
3492	1.08
3493	1.07
3494	1.1
3495	1.14
3496	1.27
3497	1.21
3498	1.19
3499	1.3
3500	1.24
3501	1.27
3502	1.27
3503	1.265
3504	1.26
3505	1.13
3506	1.38
3507	1.38
3508	1.29
3509	1.2
3510	1.2
3511	1.24
3512	1.28
3513	1.23
3514	1.25
3515	1.46
3516	1.64
3517	1.22
3518	1.22
3519	1.77
3520	1.55
3521	1.37
3522	1.51
3523	1.73
3524	1.97
3525	1.97
3526	1.77
3527	1.78
3528	1.66
3529	1.65
3530	1.79
3531	1.8
3532	1.83
3533	1.86
3534	1.73
3535	1.83
3536	2.02
3537	1.88
3538	2.09
3539	2.09
3540	2.02
3541	1.95
3542	1.88
3543	1.88
3544	1.78
3545	1.8
3546	1.86
3547	1.99
3548	1.86
3549	1.72
3550	1.49
3551	1.45
3552	1.37
3553	1.28
3554	1.51
3555	1.41
3556	1.39
3557	1.36
3558	1.41
3559	1.42
3560	1.42
3561	1.42
3562	1.48
3563	1.54
3564	1.56
3565	1.47
3566	1.47
3567	1.52
3568	1.63
3569	1.69
3570	1.685
3571	1.68
3572	1.71
3573	1.77
3574	1.69
3575	1.67
3576	1.65
3577	1.68
3578	1.67
3579	1.67
3580	1.69
3581	1.69
3582	1.98
3583	2.03
3584	1.89
3585	1.97
3586	1.88
3587	1.83
3588	1.826666667
3589	1.823333333
3590	1.82
3591	1.82
3592	1.83
3593	1.84
3594	1.86
3595	1.8
3596	1.79
3597	1.8
3598	1.73
3599	1.73
3600	1.84
3601	1.8
3602	1.74
3603	1.84
3604	1.82
3605	1.55
3606	1.15
3607	1.22
3608	1.15
3609	1.06
3610	0.97
3611	1.12
3612	1.14
3613	1.11
3614	1.57
3615	1.23
3616	1.23
3617	1.304
3618	1.378
3619	1.452
3620	1.526
3621	1.6
3622	1.72
3623	1.42
3624	1.57
3625	1.51
3626	1.45
3627	1.41
3628	1.69
3629	1.68
3630	1.76
3631	1.77
3632	1.77
3633	1.32
3634	1.42
3635	1.55
3636	1.36
3637	1.47
3638	1.82
3639	1.82
3640	1.72
3641	1.66
3642	1.69
3643	1.75
3644	1.92
3645	1.79
3646	1.65
3647	1.69
3648	1.82
3649	1.84
3650	1.81
3651	1.97
3652	1.67
3653	1.91
3654	1.73
3655	1.72
3656	1.72
3657	1.72
3658	1.7625
3659	1.805
3660	1.8475
3661	1.89
3662	1.89
3663	1.82
3664	1.75
3665	1.74
3666	1.71
3667	1.73
3668	1.53
3669	1.49
3670	1.71
3671	1.66
3672	1.65
3673	1.69
3674	1.72
3675	1.69
3676	1.58
3677	1.57
3678	1.57
3679	1.66
3680	1.59
3681	1.57
3682	1.65
3683	1.73
3684	1.73
3685	1.65
3686	1.53
3687	1.54
3688	1.55
3689	1.54
3690	1.63
3691	1.65
3692	1.64
3693	1.59
3694	1.54
3695	1.65
3696	1.56
3697	1.53
3698	1.44
3699	1.27
3700	1.41
3701	1.54
3702	1.51
3703	1.435
3704	1.36
3705	1.34
3706	1.49
3707	1.56
3708	1.43
3709	1.42
3710	1.31
3711	1.3
3712	1.29
3713	1.29
3714	1.273333333
3715	1.256666667
3716	1.24
3717	1.24
3718	1.35
3719	1.35
3720	1.28
3721	1.38
3722	1.23
3723	1.255
3724	1.28
3725	1.29
3726	1.3
3727	1.31
3728	1.23
3729	1.19
3730	1.21
3731	1.02
3732	1.11
3733	1.04
3734	1.13
3735	1.17
3736	1.06
3737	1.05
3738	1.19
3739	1.19
3740	1.29
3741	1.3
3742	1.26
3743	1.26
3744	1.2
3745	1.14
3746	1.14
3747	1.21
3748	1.21
3749	1.3
3750	1.3
3751	1.27
3752	1.27
3753	1.24
3754	1.27
3755	1.41
3756	1.65
3757	1.36
3758	1.42
3759	1.68
3760	1.37
3761	1.5
3762	1.446666667
3763	1.393333333
3764	1.34
3765	1.36
3766	1.27
3767	1.27
3768	1.16
3769	1.23
3770	1.3
3771	1.24
3772	1.26
3773	1.31
3774	1.24
3775	1.23
3776	1.19
3777	1.34
3778	1.31
3779	1.45
3780	1.42
3781	1.21
3782	1.22
3783	1.36
3784	1.19
3785	1.07
3786	1.05
3787	0.81
3788	0.69
3789	0.72
3790	0.74
3791	0.73
3792	0.76
3793	0.79
3794	0.745
3795	0.7
3796	0.7
3797	0.8
3798	0.76
3799	0.73
3800	0.68
3801	0.69
3802	0.64
3803	0.59
3804	0.74
3805	0.72
3806	0.69
3807	0.67
3808	0.65
3809	0.7
3810	0.65
3811	0.65
3812	0.64
3813	0.66
3814	0.67
3815	0.56
3816	0.62
3817	0.64
3818	0.71
3819	0.68
3820	0.68
3821	0.726666667
3822	0.773333333
3823	0.82
3824	0.65
3825	0.64
3826	0.68
3827	0.72
3828	0.72
3829	0.92
3830	0.92
3831	0.87
3832	0.87
3833	0.93
3834	0.99
3835	0.96
3836	0.8
3837	0.94
3838	0.97
3839	1
3840	0.83
3841	0.67
3842	0.72
3843	0.72
3844	0.725
3845	0.73
3846	0.76
3847	0.78
3848	0.72
3849	0.81
3850	0.77
3851	0.77
3852	0.776
3853	0.782
3854	0.788
3855	0.794
3856	0.8
3857	0.79
3858	0.81
3859	0.87
3860	0.81
3861	0.77
3862	0.81
3863	0.84
3864	0.76
3865	0.75
3866	0.73
3867	0.68
3868	0.76
3869	0.9
3870	0.7
3871	0.78
3872	0.85
3873	0.88
3874	0.84
3875	0.79
3876	0.73
3877	0.77
3878	0.67
3879	0.71
3880	0.79
3881	0.69
3882	0.69
3883	0.72
3884	0.79
3885	0.79
3886	0.86
3887	0.73
3888	0.86
3889	0.75
3890	0.79
3891	0.79
3892	0.756666667
3893	0.723333333
3894	0.69
3895	0.68
3896	0.73
3897	0.73
3898	0.89
3899	0.6
3900	0.82
3901	0.81
3902	0.65
3903	0.77
3904	0.77
3905	0.725
3906	0.68
3907	0.7
3908	0.75
3909	0.72
3910	0.69
3911	0.66
3912	0.66
3913	0.64
3914	0.73
3915	0.65
3916	0.63
3917	0.64
3918	0.65
3919	0.65
3920	0.6
3921	0.59
3922	0.65
3923	0.65
3924	0.69
3925	0.73
3926	0.73
3927	0.77
3928	0.77
3929	0.72
3930	0.72
3931	0.69
3932	0.71
3933	0.73
3934	0.74
3935	0.77
3936	0.78
3937	0.755
3938	0.73
3939	0.72
3940	0.67
3941	0.7
3942	0.7
3943	0.73
3944	0.72
3945	0.73
3946	0.7
3947	0.76
3948	0.76
3949	0.69
3950	0.71
3951	0.73
3952	0.75
3953	0.81
3954	0.78
3955	0.88
3956	1.09
3957	1.11
3958	1.03
3959	1
3960	1.12
3961	1.19
3962	1.11
3963	1.28
3964	1.39
3965	1.397044025
3966	1.40408805
3967	1.411132075
3968	1.418176101
3969	1.425220126
3970	1.432264151
3971	1.439308176
3972	1.446352201
3973	1.453396226
3974	1.460440252
3975	1.467484277
3976	1.474528302
3977	1.481572327
3978	1.488616352
3979	1.495660377
3980	1.502704403
3981	1.509748428
3982	1.516792453
3983	1.523836478
3984	1.530880503
3985	1.537924528
3986	1.544968553
3987	1.552012579
3988	1.559056604
3989	1.566100629
3990	1.573144654
3991	1.580188679
3992	1.587232704
3993	1.59427673
3994	1.601320755
3995	1.60836478
3996	1.615408805
3997	1.62245283
3998	1.629496855
3999	1.636540881
4000	1.643584906
4001	1.650628931
4002	1.657672956
4003	1.664716981
4004	1.671761006
4005	1.678805031
4006	1.685849057
4007	1.692893082
4008	1.699937107
4009	1.706981132
4010	1.714025157
4011	1.721069182
4012	1.728113208
4013	1.735157233
4014	1.742201258
4015	1.749245283
4016	1.756289308
4017	1.763333333
4018	1.770377358
4019	1.777421384
4020	1.784465409
4021	1.791509434
4022	1.798553459
4023	1.805597484
4024	1.812641509
4025	1.819685535
4026	1.82672956
4027	1.833773585
4028	1.84081761
4029	1.847861635
4030	1.85490566
4031	1.861949686
4032	1.868993711
4033	1.876037736
4034	1.883081761
4035	1.890125786
4036	1.897169811
4037	1.904213836
4038	1.911257862
4039	1.918301887
4040	1.925345912
4041	1.932389937
4042	1.939433962
4043	1.946477987
4044	1.953522013
4045	1.960566038
4046	1.967610063
4047	1.974654088
4048	1.981698113
4049	1.988742138
4050	1.995786164
4051	2.002830189
4052	2.009874214
4053	2.016918239
4054	2.023962264
4055	2.031006289
4056	2.038050314
4057	2.04509434
4058	2.052138365
4059	2.05918239
4060	2.066226415
4061	2.07327044
4062	2.080314465
4063	2.087358491
4064	2.094402516
4065	2.101446541
4066	2.108490566
4067	2.115534591
4068	2.122578616
4069	2.129622642
4070	2.136666667
4071	2.143710692
4072	2.150754717
4073	2.157798742
4074	2.164842767
4075	2.171886792
4076	2.178930818
4077	2.185974843
4078	2.193018868
4079	2.200062893
4080	2.207106918
4081	2.214150943
4082	2.221194969
4083	2.228238994
4084	2.235283019
4085	2.242327044
4086	2.249371069
4087	2.256415094
4088	2.263459119
4089	2.270503145
4090	2.27754717
4091	2.284591195
4092	2.29163522
4093	2.298679245
4094	2.30572327
4095	2.312767296
4096	2.319811321
4097	2.326855346
4098	2.333899371
4099	2.340943396
4100	2.347987421
4101	2.355031447
4102	2.362075472
4103	2.369119497
4104	2.376163522
4105	2.383207547
4106	2.390251572
4107	2.397295597
4108	2.404339623
4109	2.411383648
4110	2.418427673
4111	2.425471698
4112	2.432515723
4113	2.439559748
4114	2.446603774
4115	2.453647799
4116	2.460691824
4117	2.467735849
4118	2.474779874
4119	2.481823899
4120	2.488867925
4121	2.49591195
4122	2.502955975
4123	2.51
4124	2.68
4125	2.88
4126	2.88
4127	2.77
4128	2.81
4129	3
4130	2.92
4131	2.8
4132	2.77
4133	2.88
4134	2.88
4135	2.65
4136	2.65
4137	2.78
4138	2.91
4139	2.91
4140	3.01
4141	2.98
4142	2.87
4143	2.98
4144	2.82
4145	2.82
4146	2.66
4147	2.5
4148	2.49
4149	2.4
4150	2.54
4151	2.54
4152	2.5
4153	2.5
4154	2.6
4155	2.8
4156	2.79
4157	2.7
4158	2.7
4159	2.65
4160	2.65
4161	2.58
4162	2.31
4163	2.31
4164	2.3375
4165	2.365
4166	2.3925
4167	2.42
4168	2.42
4169	2.42
4170	2.31
4171	2.38
4172	2.3
4173	2.27
4174	2.12
4175	2.11
4176	2.01
4177	2.26
4178	2.34
4179	2.8
4180	2.67
4181	2.89
4182	2.84
4183	2.85
4184	2.95
4185	3.01
4186	3.11
4187	3.3
4188	3.25
4189	3.97
4190	3.36
4191	2.75
4192	2.7
4193	2.46
4194	2.73
4195	2.48
4196	2.47
4197	2.71
4198	2.56
4199	2.56
4200	2.42
4201	2.68
4202	2.36
4203	2.36
4204	3.11
4205	3.12
4206	3.18
4207	3.32
4208	3.09
4209	3.09
4210	3.11
4211	3.15
4212	3.11
4213	3.18
4214	3.01
4215	3.02
4216	3.02
4217	3.06
4218	3.1
4219	3.03
4220	2.88
4221	2.72
4222	2.34
4223	2.63
4224	2.63
4225	2.57
4226	2.52
4227	2.47
4228	2.47
4229	2.47
4230	2.47
4231	2.53
4232	2.48
4233	2.62
4234	2.61
4235	2.58
4236	2.57
4237	2.46
4238	2.71
4239	2.69
4240	2.57
4241	2.715
4242	2.86
4243	2.73
4244	2.7
4245	2.95
4246	2.38
4247	2.34
4248	2.69
4249	2.26
4250	2.3
4251	2.43
4252	2.45
4253	2.72
4254	2.45
4255	2.54
4256	2.63
4257	2.79
4258	2.61
4259	2.61
4260	3.18
4261	3.11
4262	2.65
4263	2.61
4264	2.57
4265	2.57
4266	2.81
4267	3.05
4268	3.29
4269	3.2
4270	3.11
4271	3.07
4272	2.93
4273	2.98
4274	3.03
4275	2.84
4276	2.87
4277	2.9
4278	3.08
4279	3.03
4280	2.98
4281	2.98
4282	3.52
4283	3.21
4284	2.92
4285	2.915
4286	2.91
4287	3.11
4288	3.07
4289	2.95
4290	2.96
4291	2.97
4292	3.2
4293	3.12
4294	3.06
4295	3.06
4296	3.04
4297	3.04
4298	3.166666667
4299	3.293333333
4300	3.42
4301	3.2
4302	3.03
4303	2.82
4304	2.95
4305	3.18
4306	3.28
4307	2.93
4308	3.34
4309	3.57
4310	3.29
4311	3.25
4312	2.95
4313	3.25
4314	3.51
4315	2.95
4316	2.76
4317	2.76
4318	2.93
4319	2.93
4320	2.78
