1	-13
2	-13
3	-13
4	-13
5	-13
6	-13
7	-13
8	-13
9	-13
10	-13
11	-13
12	-13
13	-13
14	-13
15	-13
16	-13
17	-13
18	-14
19	-14
20	-14
21	-15
22	-15
23	-15
24	-15
25	-14
26	-14
27	-14
28	-14
29	-14
30	-14
31	-15
32	-15
33	-15
34	-15
35	-15
36	-15
37	-15
38	-15
39	-15
40	-15
41	-15
42	-15
43	-14
44	-14
45	-14
46	-15
47	-15
48	-15
49	-15
50	-15
51	-15
52	-15
53	-14
54	-14
55	-14
56	-13
57	-13
58	-12
59	-11
60	-12
61	-13
62	-12
63	-12
64	-13
65	-14
66	-15
67	-15
68	-15
69	-15
70	-14
71	-13
72	-13
73	-13
74	-13
75	-12
76	-13
77	-13
78	-13
79	-14
80	-14
81	-13
82	-12
83	-12
84	-12
85	-12
86	-12
87	-12
88	-12
89	-12
90	-12
91	-13
92	-13
93	-13
94	-14
95	-13
96	-14
97	-13
98	-13
99	-13
100	-13
101	-13
102	-13
103	-13
104	-13
105	-13
106	-13
107	-14
108	-14
109	-14
110	-14
111	-14
112	-14
113	-14
114	-14
115	-14
116	-14
117	-14
118	-14
119	-14
120	-13
121	-13
122	-13
123	-13
124	-13
125	-13
126	-13
127	-13
128	-13
129	-13
130	-12
131	-12
132	-13
133	-13
134	-13
135	-12
136	-13
137	-12
138	-12
139	-13
140	-13
141	-12
142	-13
143	-13
144	-12
145	-13
146	-13
147	-12
148	-13
149	-13
150	-13
151	-13
152	-13
153	-12
154	-12
155	-12
156	-12
157	-13
158	-13
159	-13
160	-13
161	-13
162	-13
163	-13
164	-13
165	-12
166	-13
167	-13
168	-13
169	-13
170	-13
171	-13
172	-13
173	-12
174	-12
175	-11
176	-11
177	-11
178	-11
179	-11
180	-11
181	-12
182	-12
183	-12
184	-12
185	-10
186	-11
187	-10
188	-10
189	-11
190	-11
191	-11
192	-11
193	-11
194	-11
195	-11
196	-11
197	-12
198	-12
199	-11
200	-11
201	-12
202	-12
203	-11
204	-11
205	-11
206	-11
207	-11
208	-11
209	-11
210	-11
211	-11
212	-11
213	-10
214	-11
215	-10
216	-10
217	-10
218	-11
219	-11
220	-12
221	-12
222	-12
223	-11
224	-11
225	-11
226	-11
227	-11
228	-11
229	-11
230	-11
231	-11
232	-11
233	-11
234	-11
235	-12
236	-12
237	-12
238	-13
239	-13
240	-13
241	-13
242	-13
243	-12
244	-12
245	-12
246	-12
247	-12
248	-12
249	-12
250	-13
251	-13
252	-12
253	-13
254	-13
255	-13
256	-13
257	-13
258	-14
259	-14
260	-14
261	-14
262	-14
263	-15
264	-14
265	-15
266	-14
267	-14
268	-14
269	-14
270	-15
271	-15
272	-15
273	-15
274	-15
275	-16
276	-16
277	-16
278	-16
279	-16
280	-17
281	-17
282	-17
283	-18
284	-18
285	-18
286	-18
287	-18
288	-18
289	-18
290	-18
291	-19
292	-19
293	-18
294	-18
295	-18
296	-18
297	-18
298	-18
299	-18
300	-19
301	-19
302	-20
303	-20
304	-20
305	-20
306	-20
307	-21
308	-21
309	-20
310	-20
311	-20
312	-20
313	-21
314	-21
315	-21
316	-22
317	-21
318	-22
319	-22
320	-22
321	-21
322	-21
323	-21
324	-21
325	-21
326	-21
327	-21
328	-22
329	-21
330	-21
331	-21
332	-21
333	-21
334	-21
335	-21
336	-21
337	-21
338	-21
339	-21
340	-21
341	-21
342	-21
343	-20
344	-20
345	-20
346	-20
347	-20
348	-20
349	-20
350	-20
351	-20
352	-20
353	-20
354	-20
355	-20
356	-20
357	-21
358	-20
359	-20
360	-20
361	-20
362	-21
363	-21
364	-21
365	-21
366	-22
367	-21
368	-22
369	-22
370	-22
371	-22
372	-22
373	-22
374	-22
375	-22
376	-23
377	-23
378	-23
379	-23
380	-23
381	-23
382	-23
383	-24
384	-23
385	-24
386	-24
387	-24
388	-24
389	-24
390	-24
391	-24
392	-23
393	-24
394	-23
395	-23
396	-23
397	-22
398	-22
399	-22
400	-21
401	-21
402	-21
403	-21
404	-21
405	-21
406	-21
407	-21
408	-20
409	-20
410	-20
411	-20
412	-20
413	-19
414	-19
415	-19
416	-19
417	-19
418	-19
419	-20
420	-20
421	-20
422	-20
423	-21
424	-21
425	-21
426	-21
427	-21
428	-21
429	-21
430	-21
431	-20
432	-20
433	-20
434	-20
435	-20
436	-20
437	-21
438	-21
439	-20
440	-21
441	-21
442	-21
443	-21
444	-21
445	-21
446	-21
447	-21
448	-21
449	-21
450	-21
451	-21
452	-21
453	-21
454	-21
455	-21
456	-22
457	-22
458	-22
459	-22
460	-22
461	-22
462	-22
463	-22
464	-22
465	-22
466	-22
467	-22
468	-22
469	-22
470	-23
471	-23
472	-23
473	-23
474	-23
475	-23
476	-24
477	-23
478	-23
479	-24
480	-24
481	-24
482	-24
483	-23
484	-23
485	-24
486	-23
487	-23
488	-23
489	-23
490	-23
491	-23
492	-23
493	-23
494	-24
495	-24
496	-24
497	-24
498	-24
499	-24
500	-24
501	-24
502	-23
503	-23
504	-23
505	-23
506	-23
507	-23
508	-23
509	-22
510	-23
511	-23
512	-22
513	-22
514	-22
515	-22
516	-22
517	-22
518	-22
519	-22
520	-21
521	-21
522	-21
523	-21
524	-21
525	-21
526	-21
527	-21
528	-21
529	-21
530	-21
531	-21
532	-20
533	-20
534	-20
535	-20
536	-20
537	-20
538	-20
539	-20
540	-20
541	-20
542	-19
543	-19
544	-19
545	-19
546	-19
547	-19
548	-19
549	-20
550	-20
551	-20
552	-20
553	-20
554	-20
555	-20
556	-20
557	-20
558	-20
559	-20
560	-19
561	-19
562	-19
563	-19
564	-19
565	-19
566	-20
567	-19
568	-19
569	-19
570	-19
571	-19
572	-19
573	-18
574	-18
575	-17
576	-17
577	-18
578	-18
579	-18
580	-18
581	-18
582	-18
583	-18
584	-19
585	-19
586	-19
587	-18
588	-17
589	-17
590	-17
591	-16
592	-17
593	-17
594	-17
595	-17
596	-17
597	-18
598	-18
599	-18
600	-18
601	-18
602	-18
603	-18
604	-18
605	-17
606	-17
607	-17
608	-17
609	-17
610	-17
611	-17
612	-17
613	-16
614	-17
615	-17
616	-17
617	-17
618	-16
619	-16
620	-17
621	-16
622	-16
623	-16
624	-16
625	-16
626	-16
627	-15
628	-15
629	-15
630	-15
631	-15
632	-15
633	-14
634	-14
635	-14
636	-14
637	-14
638	-14
639	-14
640	-13
641	-14
642	-13
643	-13
644	-13
645	-13
646	-14
647	-14
648	-13
649	-13
650	-13
651	-13
652	-13
653	-13
654	-13
655	-14
656	-13
657	-13
658	-13
659	-13
660	-13
661	-13
662	-13
663	-13
664	-13
665	-13
666	-13
667	-13
668	-13
669	-13
670	-13
671	-13
672	-13
673	-13
674	-12
675	-13
676	-13
677	-13
678	-13
679	-13
680	-13
681	-13
682	-13
683	-13
684	-13
685	-13
686	-13
687	-14
688	-14
689	-14
690	-13
691	-13
692	-14
693	-14
694	-14
695	-14
696	-14
697	-14
698	-14
699	-14
700	-15
701	-14
702	-14
703	-13
704	-14
705	-14
706	-14
707	-14
708	-14
709	-14
710	-14
711	-14
712	-14
713	-14
714	-13
715	-13
716	-13
717	-13
718	-13
719	-13
720	-13
721	-13
722	-13
723	-14
724	-14
725	-13
726	-13
727	-13
728	-12
729	-12
730	-12
731	-12
732	-12
733	-12
734	-13
735	-13
736	-13
737	-13
738	-12
739	-12
740	-13
741	-12
742	-12
743	-13
744	-13
745	-14
746	-14
747	-13
748	-13
749	-13
750	-13
751	-13
752	-12
753	-12
754	-13
755	-13
756	-13
757	-12
758	-12
759	-12
760	-12
761	-12
762	-12
763	-12
764	-12
765	-12
766	-12
767	-12
768	-12
769	-12
770	-12
771	-12
772	-12
773	-12
774	-13
775	-13
776	-13
777	-13
778	-13
779	-13
780	-13
781	-14
782	-13
783	-13
784	-14
785	-14
786	-14
787	-14
788	-14
789	-14
790	-14
791	-14
792	-15
793	-15
794	-15
795	-15
796	-15
797	-16
798	-16
799	-16
800	-16
801	-16
802	-17
803	-17
804	-17
805	-17
806	-17
807	-17
808	-18
809	-18
810	-18
811	-18
812	-18
813	-18
814	-18
815	-18
816	-18
817	-18
818	-18
819	-19
820	-19
821	-19
822	-19
823	-19
824	-19
825	-19
826	-19
827	-19
828	-19
829	-19
830	-19
831	-19
832	-19
833	-19
834	-20
835	-20
836	-20
837	-20
838	-20
839	-20
840	-20
841	-20
842	-20
843	-20
844	-20
845	-20
846	-20
847	-20
848	-20
849	-19
850	-19
851	-18
852	-17
853	-17
854	-17
855	-16
856	-16
857	-16
858	-16
859	-15
860	-15
861	-14
862	-14
863	-14
864	-13
865	-13
866	-13
867	-13
868	-13
869	-13
870	-13
871	-13
872	-14
873	-14
874	-13
875	-13
876	-14
877	-13
878	-14
879	-14
880	-14
881	-15
882	-15
883	-16
884	-17
885	-16
886	-16
887	-16
888	-16
889	-15
890	-16
891	-14
892	-14
893	-14
894	-14
895	-14
896	-14
897	-14
898	-14
899	-14
900	-14
901	-14
902	-14
903	-14
904	-14
905	-14
906	-14
907	-15
908	-15
909	-15
910	-16
911	-16
912	-16
913	-17
914	-18
915	-18
916	-19
917	-19
918	-19
919	-19
920	-19
921	-19
922	-19
923	-19
924	-19
925	-19
926	-19
927	-19
928	-19
929	-20
930	-20
931	-20
932	-20
933	-20
934	-20
935	-20
936	-20
937	-20
938	-20
939	-20
940	-19
941	-20
942	-20
943	-20
944	-19
945	-20
946	-19
947	-19
948	-19
949	-19
950	-19
951	-18
952	-17
953	-17
954	-17
955	-17
956	-17
957	-17
958	-16
959	-15
960	-15
961	-16
962	-16
963	-15
964	-15
965	-15
966	-15
967	-15
968	-15
969	-15
970	-14
971	-14
972	-15
973	-15
974	-16
975	-16
976	-15
977	-16
978	-15
979	-15
980	-14
981	-14
982	-14
983	-15
984	-16
985	-15
986	-15
987	-15
988	-15
989	-15
990	-16
991	-16
992	-17
993	-17
994	-17
995	-17
996	-17
997	-17
998	-17
999	-16
1000	-16
1001	-15
1002	-15
1003	-14
1004	-14
1005	-14
1006	-13
1007	-13
1008	-13
1009	-13
1010	-14
1011	-14
1012	-15
1013	-14
1014	-14
1015	-14
1016	-14
1017	-14
1018	-14
1019	-14
1020	-14
1021	-15
1022	-15
1023	-15
1024	-15
1025	-15
1026	-15
1027	-16
1028	-15
1029	-15
1030	-14
1031	-14
1032	-16
1033	-16
1034	-15
1035	-15
1036	-15
1037	-15
1038	-15
1039	-16
1040	-16
1041	-17
1042	-17
1043	-16
1044	-17
1045	-16
1046	-16
1047	-15
1048	-15
1049	-15
1050	-15
1051	-15
1052	-16
1053	-16
1054	-17
1055	-17
1056	-18
1057	-18
1058	-19
1059	-19
1060	-18
1061	-17
1062	-17
1063	-18
1064	-18
1065	-18
1066	-18
1067	-18
1068	-18
1069	-18
1070	-18
1071	-17
1072	-18
1073	-18
1074	-18
1075	-18
1076	-17
1077	-17
1078	-18
1079	-18
1080	-18
1081	-17
1082	-17
1083	-17
1084	-17
1085	-16
1086	-16
1087	-16
1088	-16
1089	-16
1090	-16
1091	-16
1092	-16
1093	-15
1094	-14
1095	-14
1096	-14
1097	-13
1098	-13
1099	-13
1100	-12
1101	-12
1102	-12
1103	-12
1104	-12
1105	-11
1106	-10
1107	-10
1108	-10
1109	-9
1110	-8
1111	-8
1112	-6
1113	-8
1114	-8
1115	-8
1116	-8
1117	-8
1118	-8
1119	-7
1120	-7
1121	-7
1122	-6
1123	-6
1124	-6
1125	-6
1126	-6
1127	-6
1128	-6
1129	-6
1130	-6
1131	-6
1132	-5
1133	-6
1134	-6
1135	-6
1136	-6
1137	-5
1138	-5
1139	-5
1140	-5
1141	-5
1142	-5
1143	-5
1144	-5
1145	-5
1146	-5
1147	-5
1148	-5
1149	-4
1150	-4
1151	-5
1152	-4
1153	-4
1154	-4
1155	-4
1156	-5
1157	-5
1158	-5
1159	-5
1160	-5
1161	-5
1162	-6
1163	-5
1164	-5
1165	-6
1166	-6
1167	-6
1168	-6
1169	-6
1170	-6
1171	-6
1172	-6
1173	-6
1174	-6
1175	-6
1176	-5
1177	-5
1178	-5
1179	-6
1180	-5
1181	-5
1182	-5
1183	-5
1184	-5
1185	-5
1186	-5
1187	-5
1188	-5
1189	-5
1190	-5
1191	-5
1192	-5
1193	-5
1194	-5
1195	-5
1196	-5
1197	-5
1198	-5
1199	-5
1200	-5
1201	-5
1202	-5
1203	-5
1204	-5
1205	-5
1206	-5
1207	-5
1208	-5
1209	-5
1210	-5
1211	-5
1212	-5
1213	-5
1214	-5
1215	-5
1216	-5
1217	-5
1218	-6
1219	-6
1220	-6
1221	-6
1222	-6
1223	-6
1224	-6
1225	-6
1226	-5
1227	-5
1228	-5
1229	-5
1230	-5
1231	-5
1232	-5
1233	-5
1234	-5
1235	-5
1236	-5
1237	-5
1238	-5
1239	-5
1240	-5
1241	-4
1242	-4
1243	-4
1244	-5
1245	-5
1246	-5
1247	-5
1248	-5
1249	-5
1250	-4
1251	-4
1252	-4
1253	-4
1254	-4
1255	-4
1256	-4
1257	-5
1258	-5
1259	-5
1260	-5
1261	-5
1262	-5
1263	-4
1264	-4
1265	-4
1266	-4
1267	-4
1268	-3
1269	-3
1270	-3
1271	-2
1272	-2
1273	-2
1274	-1
1275	0
1276	0
1277	0
1278	0
1279	0
1280	-1
1281	-1
1282	-1
1283	-1
1284	0
1285	0
1286	0
1287	0
1288	0
1289	1
1290	1
1291	1
1292	1
1293	0
1294	0
1295	0
1296	0
1297	1
1298	0
1299	1
1300	0
1301	0
1302	0
1303	0
1304	0
1305	0
1306	1
1307	1
1308	1
1309	1
1310	1
1311	1
1312	2
1313	2
1314	2
1315	2
1316	3
1317	2
1318	2
1319	2
1320	2
1321	1
1322	1
1323	1
1324	0
1325	1
1326	1
1327	1
1328	2
1329	3
1330	3
1331	3
1332	3
1333	2
1334	2
1335	2
1336	2
1337	2
1338	2
1339	2
1340	3
1341	3
1342	2
1343	2
1344	2
1345	1
1346	1
1347	1
1348	1
1349	1
1350	1
1351	1
1352	1
1353	1
1354	0
1355	0
1356	0
1357	0
1358	0
1359	0
1360	0
1361	0
1362	0
1363	0
1364	0
1365	0
1366	0
1367	0
1368	0
1369	0
1370	0
1371	1
1372	1
1373	0
1374	0
1375	1
1376	1
1377	1
1378	1
1379	1
1380	1
1381	1
1382	1
1383	1
1384	1
1385	1
1386	1
1387	1
1388	1
1389	0
1390	1
1391	1
1392	1
1393	1
1394	1
1395	1
1396	1
1397	0
1398	0
1399	0
1400	1
1401	1
1402	0
1403	0
1404	0
1405	0
1406	0
1407	0
1408	-1
1409	-1
1410	-1
1411	-2
1412	-2
1413	-2
1414	-2
1415	-2
1416	-3
1417	-3
1418	-3
1419	-3
1420	-2
1421	-2
1422	-2
1423	-2
1424	-2
1425	-1
1426	-1
1427	-1
1428	-1
1429	0
1430	1
1431	1
1432	2
1433	3
1434	4
1435	4
1436	3
1437	3
1438	2
1439	2
1440	2
1441	2
1442	1
1443	1
1444	1
1445	1
1446	1
1447	1
1448	1
1449	0
1450	0
1451	0
1452	0
1453	0
1454	-1
1455	-1
1456	-1
1457	-1
1458	-1
1459	-1
1460	-1
1461	-1
1462	-1
1463	-1
1464	-2
1465	-2
1466	-2
1467	-2
1468	-2
1469	-2
1470	-2
1471	-3
1472	-3
1473	-3
1474	-3
1475	-3
1476	-2
1477	-2
1478	-2
1479	-2
1480	-2
1481	-2
1482	-2
1483	-3
1484	-3
1485	-3
1486	-3
1487	-3
1488	-3
1489	-3
1490	-3
1491	-3
1492	-3
1493	-3
1494	-3
1495	-4
1496	-3
1497	-3
1498	-3
1499	-4
1500	-3
1501	-4
1502	-4
1503	-4
1504	-4
1505	-4
1506	-4
1507	-4
1508	-4
1509	-4
1510	-4
1511	-4
1512	-4
1513	-4
1514	-4
1515	-4
1516	-4
1517	-4
1518	-4
1519	-4
1520	-4
1521	-4
1522	-5
1523	-4
1524	-4
1525	-4
1526	-3
1527	-3
1528	-3
1529	-3
1530	-3
1531	-3
1532	-2
1533	-3
1534	-2
1535	-3
1536	-3
1537	-3
1538	-2
1539	-2
1540	-2
1541	-3
1542	-3
1543	-3
1544	-3
1545	-3
1546	-3
1547	-3
1548	-3
1549	-3
1550	-3
1551	-3
1552	-3
1553	-3
1554	-3
1555	-3
1556	-3
1557	-3
1558	-3
1559	-3
1560	-3
1561	-3
1562	-3
1563	-3
1564	-3
1565	-3
1566	-3
1567	-3
1568	-3
1569	-3
1570	-4
1571	-4
1572	-3
1573	-3
1574	-4
1575	-4
1576	-4
1577	-4
1578	-4
1579	-4
1580	-4
1581	-4
1582	-4
1583	-3
1584	-3
1585	-2
1586	-2
1587	-2
1588	-2
1589	-2
1590	-2
1591	-2
1592	-2
1593	-2
1594	-2
1595	-2
1596	-2
1597	-3
1598	-3
1599	-3
1600	-2
1601	-2
1602	-2
1603	-2
1604	-2
1605	-2
1606	-2
1607	-3
1608	-3
1609	-3
1610	-3
1611	-4
1612	-4
1613	-4
1614	-5
1615	-4
1616	-5
1617	-4
1618	-4
1619	-4
1620	-4
1621	-3
1622	-3
1623	-3
1624	-2
1625	-2
1626	-2
1627	-2
1628	-2
1629	-3
1630	-4
1631	-4
1632	-5
1633	-5
1634	-5
1635	-5
1636	-5
1637	-6
1638	-6
1639	-5
1640	-5
1641	-5
1642	-5
1643	-5
1644	-5
1645	-5
1646	-5
1647	-6
1648	-6
1649	-6
1650	-5
1651	-5
1652	-5
1653	-4
1654	-5
1655	-5
1656	-5
1657	-5
1658	-6
1659	-6
1660	-6
1661	-6
1662	-7
1663	-7
1664	-7
1665	-7
1666	-8
1667	-8
1668	-8
1669	-8
1670	-9
1671	-9
1672	-9
1673	-9
1674	-10
1675	-10
1676	-10
1677	-10
1678	-11
1679	-11
1680	-11
1681	-11
1682	-12
1683	-12
1684	-12
1685	-12
1686	-13
1687	-13
1688	-13
1689	-12
1690	-13
1691	-13
1692	-13
1693	-13
1694	-14
1695	-14
1696	-14
1697	-14
1698	-14
1699	-14
1700	-14
1701	-14
1702	-14
1703	-14
1704	-14
1705	-14
1706	-15
1707	-15
1708	-15
1709	-15
1710	-15
1711	-15
1712	-15
1713	-15
1714	-15
1715	-15
1716	-16
1717	-16
1718	-16
1719	-16
1720	-16
1721	-17
1722	-17
1723	-18
1724	-18
1725	-18
1726	-19
1727	-20
1728	-20
1729	-20
1730	-20
1731	-20
1732	-20
1733	-20
1734	-20
1735	-20
1736	-21
1737	-21
1738	-22
1739	-22
1740	-23
1741	-24
1742	-24
1743	-25
1744	-26
1745	-26
1746	-27
1747	-27
1748	-27
1749	-26
1750	-26
1751	-27
1752	-26
1753	-26
1754	-26
1755	-26
1756	-26
1757	-27
1758	-27
1759	-27
1760	-27
1761	-26
1762	-26
1763	-26
1764	-26
1765	-26
1766	-26
1767	-26
1768	-26
1769	-26
1770	-27
1771	-28
1772	-27
1773	-28
1774	-28
1775	-29
1776	-29
1777	-29
1778	-29
1779	-29
1780	-29
1781	-30
1782	-30
1783	-30
1784	-30
1785	-31
1786	-31
1787	-31
1788	-31
1789	-31
1790	-31
1791	-32
1792	-32
1793	-32
1794	-32
1795	-32
1796	-32
1797	-32
1798	-32
1799	-32
1800	-32
1801	-32
1802	-32
1803	-32
1804	-33
1805	-32
1806	-33
1807	-33
1808	-33
1809	-34
1810	-34
1811	-34
1812	-34
1813	-34
1814	-34
1815	-34
1816	-34
1817	-34
1818	-34
1819	-34
1820	-34
1821	-34
1822	-35
1823	-35
1824	-35
1825	-36
1826	-36
1827	-36
1828	-36
1829	-36
1830	-36
1831	-35
1832	-35
1833	-35
1834	-34
1835	-34
1836	-34
1837	-34
1838	-34
1839	-34
1840	-34
1841	-34
1842	-33
1843	-33
1844	-32
1845	-32
1846	-31
1847	-31
1848	-30
1849	-29
1850	-29
1851	-29
1852	-29
1853	-29
1854	-28
1855	-28
1856	-28
1857	-29
1858	-29
1859	-29
1860	-29
1861	-29
1862	-29
1863	-30
1864	-30
1865	-30
1866	-31
1867	-31
1868	-31
1869	-31
1870	-30
1871	-30
1872	-30
1873	-30
1874	-30
1875	-30
1876	-30
1877	-31
1878	-31
1879	-31
1880	-31
1881	-31
1882	-31
1883	-31
1884	-32
1885	-32
1886	-33
1887	-33
1888	-34
1889	-34
1890	-33
1891	-33
1892	-33
1893	-33
1894	-33
1895	-33
1896	-33
1897	-33
1898	-34
1899	-35
1900	-35
1901	-35
1902	-36
1903	-36
1904	-35
1905	-35
1906	-34
1907	-34
1908	-34
1909	-34
1910	-35
1911	-35
1912	-35
1913	-36
1914	-36
1915	-36
1916	-37
1917	-37
1918	-37
1919	-38
1920	-39
1921	-39
1922	-40
1923	-41
1924	-37
1925	-12
1926	5
1927	8
1928	3
1929	-2
1930	-4
1931	-3
1932	0
1933	1
1934	-2
1935	-7
1936	-12
1937	-14
1938	-15
1939	-15
1940	-17
1941	-23
1942	-25
1943	-26
1944	-24
1945	-24
1946	-25
1947	-27
1948	-28
1949	-29
1950	-31
1951	-31
1952	-30
1953	-31
1954	-31
1955	-31
1956	-31
1957	-30
1958	-30
1959	-29
1960	-29
1961	-27
1962	-24
1963	-22
1964	-21
1965	-22
1966	-22
1967	-24
1968	-25
1969	-26
1970	-26
1971	-27
1972	-28
1973	-29
1974	-32
1975	-34
1976	-35
1977	-35
1978	-34
1979	-31
1980	-32
1981	-32
1982	-33
1983	-34
1984	-36
1985	-36
1986	-38
1987	-38
1988	-40
1989	-41
1990	-40
1991	-34
1992	-30
1993	-32
1994	-34
1995	-34
1996	-34
1997	-33
1998	-32
1999	-32
2000	-32
2001	-29
2002	-28
2003	-28
2004	-29
2005	-30
2006	-32
2007	-34
2008	-33
2009	-34
2010	-34
2011	-34
2012	-35
2013	-34
2014	-34
2015	-33
2016	-34
2017	-35
2018	-37
2019	-37
2020	-37
2021	-37
2022	-38
2023	-39
2024	-41
2025	-45
2026	-46
2027	-45
2028	-45
2029	-46
2030	-48
2031	-51
2032	-57
2033	-60
2034	-59
2035	-58
2036	-58
2037	-58
2038	-59
2039	-60
2040	-61
2041	-62
2042	-63
2043	-62
2044	-64
2045	-65
2046	-65
2047	-66
2048	-67
2049	-74
2050	-79
2051	-79
2052	-77
2053	-75
2054	-74
2055	-76
2056	-71
2057	-67
2058	-65
2059	-61
2060	-47
2061	-48
2062	-55
2063	-60
2064	-67
2065	-68
2066	-67
2067	-69
2068	-68
2069	-67
2070	-66
2071	-69
2072	-71
2073	-69
2074	-70
2075	-72
2076	-78
2077	-83
2078	-75
2079	-79
2080	-79
2081	-79
2082	-78
2083	-82
2084	-84
2085	-99
2086	-116
2087	-117
2088	-114
2089	-114
2090	-114
2091	-113
2092	-111
2093	-108
2094	-105
2095	-104
2096	-103
2097	-102
2098	-99
2099	-98
2100	-98
2101	-92
2102	-92
2103	-92
2104	-88
2105	-88
2106	-84
2107	-78
2108	-76
2109	-75
2110	-76
2111	-73
2112	-68
2113	-65
2114	-65
2115	-65
2116	-65
2117	-67
2118	-62
2119	-61
2120	-61
2121	-57
2122	-50
2123	-50
2124	-56
2125	-60
2126	-68
2127	-78
2128	-81
2129	-77
2130	-75
2131	-75
2132	-74
2133	-72
2134	-70
2135	-67
2136	-67
2137	-65
2138	-67
2139	-68
2140	-68
2141	-63
2142	-58
2143	-57
2144	-58
2145	-64
2146	-66
2147	-67
2148	-67
2149	-70
2150	-67
2151	-63
2152	-61
2153	-57
2154	-53
2155	-53
2156	-51
2157	-52
2158	-56
2159	-60
2160	-60
2161	-63
2162	-63
2163	-64
2164	-68
2165	-68
2166	-69
2167	-70
2168	-71
2169	-70
2170	-70
2171	-67
2172	-67
2173	-67
2174	-66
2175	-64
2176	-67
2177	-66
2178	-65
2179	-69
2180	-69
2181	-70
2182	-70
2183	-69
2184	-68
2185	-67
2186	-67
2187	-66
2188	-66
2189	-66
2190	-64
2191	-62
2192	-60
2193	-61
2194	-59
2195	-58
2196	-58
2197	-59
2198	-59
2199	-60
2200	-61
2201	-60
2202	-60
2203	-62
2204	-61
2205	-61
2206	-61
2207	-61
2208	-61
2209	-63
2210	-64
2211	-63
2212	-69
2213	-73
2214	-77
2215	-82
2216	-87
2217	-85
2218	-86
2219	-89
2220	-90
2221	-86
2222	-81
2223	-82
2224	-82
2225	-85
2226	-89
2227	-88
2228	-86
2229	-89
2230	-86
2231	-81
2232	-86
2233	-91
2234	-93
2235	-101
2236	-116
2237	-122
2238	-120
2239	-122
2240	-125
2241	-127
2242	-130
2243	-132
2244	-135
2245	-133
2246	-134
2247	-136
2248	-136
2249	-139
2250	-139
2251	-139
2252	-140
2253	-142
2254	-145
2255	-146
2256	-146
2257	-146
2258	-148
2259	-149
2260	-149
2261	-149
2262	-149
2263	-149
2264	-149
2265	-150
2266	-152
2267	-153
2268	-154
2269	-154
2270	-156
2271	-156
2272	-158
2273	-159
2274	-161
2275	-165
2276	-167
2277	-170
2278	-174
2279	-173
2280	-174
2281	-176
2282	-175
2283	-176
2284	-178
2285	-179
2286	-178
2287	-180
2288	-179
2289	-179
2290	-181
2291	-182
2292	-184
2293	-185
2294	-187
2295	-187
2296	-188
2297	-189
2298	-190
2299	-191
2300	-192
2301	-192
2302	-195
2303	-195
2304	-195
2305	-196
2306	-196
2307	-199
2308	-199
2309	-200
2310	-200
2311	-199
2312	-200
2313	-202
2314	-203
2315	-203
2316	-205
2317	-206
2318	-206
2319	-205
2320	-203
2321	-201
2322	-201
2323	-200
2324	-198
2325	-199
2326	-199
2327	-198
2328	-198
2329	-198
2330	-198
2331	-199
2332	-199
2333	-199
2334	-200
2335	-200
2336	-200
2337	-199
2338	-199
2339	-198
2340	-198
2341	-199
2342	-199
2343	-200
2344	-201
2345	-202
2346	-202
2347	-204
2348	-206
2349	-210
2350	-211
2351	-211
2352	-211
2353	-211
2354	-211
2355	-212
2356	-211
2357	-210
2358	-208
2359	-207
2360	-208
2361	-210
2362	-211
2363	-213
2364	-216
2365	-221
2366	-223
2367	-226
2368	-229
2369	-230
2370	-231
2371	-232
2372	-232
2373	-233
2374	-232
2375	-233
2376	-235
2377	-237
2378	-237
2379	-237
2380	-238
2381	-237
2382	-237
2383	-238
2384	-239
2385	-239
2386	-239
2387	-237
2388	-237
2389	-238
2390	-239
2391	-239
2392	-240
2393	-240
2394	-241
2395	-242
2396	-243
2397	-246
2398	-248
2399	-250
2400	-254
2401	-255
2402	-256
2403	-258
2404	-259
2405	-261
2406	-262
2407	-263
2408	-264
2409	-266
2410	-266
2411	-267
2412	-268
2413	-270
2414	-271
2415	-270
2416	-272
2417	-274
2418	-274
2419	-274
2420	-273
2421	-272
2422	-271
2423	-271
2424	-271
2425	-276
2426	-280
2427	-284
2428	-288
2429	-291
2430	-295
2431	-293
2432	-298
2433	-300
2434	-304
2435	-308
2436	-314
2437	-316
2438	-315
2439	-319
2440	-322
2441	-327
2442	-328
2443	-331
2444	-336
2445	-339
2446	-339
2447	-342
2448	-350
2449	-355
2450	-361
2451	-364
2452	-368
2453	-368
2454	-371
2455	-373
2456	-378
2457	-380
2458	-384
2459	-387
2460	-390
2461	-391
2462	-391
2463	-392
2464	-393
2465	-394
2466	-395
2467	-394
2468	-398
2469	-399
2470	-398
2471	-399
2472	-402
2473	-405
2474	-409
2475	-413
2476	-420
2477	-423
2478	-425
2479	-425
2480	-428
2481	-431
2482	-434
2483	-436
2484	-435
2485	-439
2486	-441
2487	-444
2488	-446
2489	-444
2490	-440
2491	-436
2492	-433
2493	-433
2494	-433
2495	-431
2496	-432
2497	-431
2498	-429
2499	-428
2500	-428
2501	-428
2502	-430
2503	-431
2504	-432
2505	-436
2506	-440
2507	-444
2508	-446
2509	-451
2510	-451
2511	-450
2512	-452
2513	-455
2514	-457
2515	-459
2516	-456
2517	-456
2518	-459
2519	-459
2520	-461
2521	-465
2522	-466
2523	-467
2524	-469
2525	-471
2526	-469
2527	-473
2528	-475
2529	-479
2530	-481
2531	-482
2532	-485
2533	-485
2534	-483
2535	-486
2536	-487
2537	-488
2538	-490
2539	-490
2540	-487
2541	-484
2542	-480
2543	-476
2544	-471
2545	-465
2546	-461
2547	-457
2548	-460
2549	-464
2550	-469
2551	-471
2552	-459
2553	-458
2554	-451
2555	-449
2556	-446
2557	-438
2558	-435
2559	-436
2560	-440
2561	-445
2562	-446
2563	-447
2564	-445
2565	-442
2566	-436
2567	-440
2568	-446
2569	-448
2570	-448
2571	-451
2572	-453
2573	-450
2574	-451
2575	-452
2576	-447
2577	-442
2578	-444
2579	-447
2580	-450
2581	-454
2582	-445
2583	-446
2584	-452
2585	-457
2586	-461
2587	-465
2588	-470
2589	-475
2590	-479
2591	-480
2592	-477
2593	-474
2594	-471
2595	-468
2596	-466
2597	-470
2598	-471
2599	-471
2600	-465
2601	-464
2602	-462
2603	-458
2604	-456
2605	-455
2606	-454
2607	-452
2608	-450
2609	-450
2610	-450
2611	-446
2612	-446
2613	-446
2614	-443
2615	-439
2616	-435
2617	-431
2618	-423
2619	-415
2620	-410
2621	-406
2622	-404
2623	-408
2624	-415
2625	-418
2626	-417
2627	-416
2628	-422
2629	-426
2630	-426
2631	-429
2632	-430
2633	-431
2634	-433
2635	-430
2636	-428
2637	-428
2638	-423
2639	-418
2640	-414
2641	-410
2642	-406
2643	-405
2644	-407
2645	-402
2646	-395
2647	-395
2648	-395
2649	-396
2650	-395
2651	-394
2652	-394
2653	-393
2654	-393
2655	-395
2656	-396
2657	-397
2658	-399
2659	-401
2660	-403
2661	-406
2662	-407
2663	-408
2664	-409
2665	-411
2666	-413
2667	-411
2668	-406
2669	-405
2670	-405
2671	-404
2672	-406
2673	-405
2674	-404
2675	-403
2676	-405
2677	-410
2678	-412
2679	-415
2680	-412
2681	-412
2682	-412
2683	-411
2684	-413
2685	-413
2686	-415
2687	-417
2688	-416
2689	-417
2690	-415
2691	-413
2692	-410
2693	-409
2694	-409
2695	-410
2696	-410
2697	-410
2698	-412
2699	-411
2700	-410
2701	-411
2702	-410
2703	-409
2704	-409
2705	-409
2706	-408
2707	-409
2708	-410
2709	-407
2710	-411
2711	-411
2712	-406
2713	-402
2714	-398
2715	-396
2716	-392
2717	-387
2718	-382
2719	-381
2720	-379
2721	-380
2722	-382
2723	-383
2724	-382
2725	-381
2726	-378
2727	-380
2728	-383
2729	-380
2730	-378
2731	-379
2732	-381
2733	-384
2734	-383
2735	-381
2736	-379
2737	-381
2738	-383
2739	-385
2740	-378
2741	-372
2742	-372
2743	-371
2744	-377
2745	-383
2746	-390
2747	-387
2748	-386
2749	-384
2750	-382
2751	-382
2752	-382
2753	-383
2754	-385
2755	-388
2756	-389
2757	-389
2758	-388
2759	-389
2760	-391
2761	-394
2762	-394
2763	-398
2764	-399
2765	-398
2766	-398
2767	-396
2768	-396
2769	-395
2770	-393
2771	-389
2772	-390
2773	-386
2774	-385
2775	-384
2776	-382
2777	-379
2778	-373
2779	-367
2780	-369
2781	-371
2782	-370
2783	-372
2784	-369
2785	-368
2786	-365
2787	-361
2788	-357
2789	-358
2790	-357
2791	-353
2792	-352
2793	-349
2794	-347
2795	-348
2796	-346
2797	-346
2798	-348
2799	-346
2800	-341
2801	-341
2802	-339
2803	-340
2804	-340
2805	-338
2806	-337
2807	-336
2808	-337
2809	-338
2810	-336
2811	-336
2812	-336
2813	-336
2814	-336
2815	-338
2816	-340
2817	-340
2818	-340
2819	-340
2820	-340
2821	-340
2822	-339
2823	-340
2824	-339
2825	-338
2826	-338
2827	-336
2828	-335
2829	-335
2830	-334
2831	-332
2832	-332
2833	-331
2834	-331
2835	-330
2836	-329
2837	-329
2838	-329
2839	-328
2840	-328
2841	-326
2842	-326
2843	-325
2844	-325
2845	-325
2846	-325
2847	-325
2848	-325
2849	-325
2850	-325
2851	-324
2852	-322
2853	-321
2854	-320
2855	-319
2856	-319
2857	-320
2858	-320
2859	-319
2860	-319
2861	-318
2862	-318
2863	-319
2864	-318
2865	-316
2866	-314
2867	-312
2868	-310
2869	-310
2870	-310
2871	-310
2872	-311
2873	-311
2874	-311
2875	-310
2876	-309
2877	-308
2878	-306
2879	-306
2880	-306
2881	-294
2882	-294
2883	-294
2884	-294
2885	-293
2886	-290
2887	-288
2888	-288
2889	-288
2890	-289
2891	-290
2892	-290
2893	-289
2894	-290
2895	-291
2896	-289
2897	-289
2898	-289
2899	-288
2900	-287
2901	-286
2902	-286
2903	-289
2904	-292
2905	-292
2906	-291
2907	-291
2908	-290
2909	-290
2910	-290
2911	-289
2912	-288
2913	-287
2914	-285
2915	-283
2916	-282
2917	-281
2918	-280
2919	-280
2920	-281
2921	-281
2922	-282
2923	-282
2924	-282
2925	-283
2926	-282
2927	-281
2928	-282
2929	-283
2930	-281
2931	-280
2932	-278
2933	-277
2934	-275
2935	-274
2936	-273
2937	-272
2938	-271
2939	-270
2940	-269
2941	-270
2942	-270
2943	-269
2944	-269
2945	-268
2946	-268
2947	-267
2948	-266
2949	-266
2950	-266
2951	-266
2952	-265
2953	-264
2954	-264
2955	-263
2956	-262
2957	-260
2958	-257
2959	-251
2960	-245
2961	-240
2962	-236
2963	-233
2964	-231
2965	-229
2966	-228
2967	-229
2968	-230
2969	-229
2970	-230
2971	-231
2972	-233
2973	-234
2974	-233
2975	-232
2976	-231
2977	-232
2978	-231
2979	-230
2980	-229
2981	-228
2982	-227
2983	-227
2984	-227
2985	-228
2986	-227
2987	-228
2988	-230
2989	-231
2990	-228
2991	-227
2992	-228
2993	-228
2994	-225
2995	-224
2996	-224
2997	-224
2998	-224
2999	-225
3000	-225
3001	-225
3002	-223
3003	-223
3004	-222
3005	-221
3006	-222
3007	-222
3008	-222
3009	-223
3010	-224
3011	-225
3012	-224
3013	-223
3014	-223
3015	-223
3016	-222
3017	-222
3018	-223
3019	-223
3020	-223
3021	-222
3022	-220
3023	-220
3024	-220
3025	-220
3026	-219
3027	-219
3028	-219
3029	-219
3030	-220
3031	-218
3032	-218
3033	-218
3034	-217
3035	-218
3036	-221
3037	-223
3038	-223
3039	-222
3040	-221
3041	-220
3042	-218
3043	-216
3044	-215
3045	-214
3046	-215
3047	-214
3048	-212
3049	-211
3050	-209
3051	-208
3052	-204
3053	-196
3054	-187
3055	-186
3056	-189
3057	-192
3058	-192
3059	-191
3060	-192
3061	-192
3062	-192
3063	-190
3064	-188
3065	-184
3066	-181
3067	-182
3068	-185
3069	-184
3070	-180
3071	-179
3072	-180
3073	-177
3074	-175
3075	-174
3076	-174
3077	-176
3078	-176
3079	-171
3080	-167
3081	-166
3082	-165
3083	-162
3084	-160
3085	-161
3086	-161
3087	-161
3088	-159
3089	-159
3090	-164
3091	-171
3092	-180
3093	-185
3094	-187
3095	-187
3096	-186
3097	-186
3098	-184
3099	-182
3100	-181
3101	-180
3102	-185
3103	-191
3104	-194
3105	-193
3106	-190
3107	-188
3108	-185
3109	-186
3110	-186
3111	-187
3112	-189
3113	-190
3114	-189
3115	-189
3116	-187
3117	-185
3118	-183
3119	-180
3120	-179
3121	-180
3122	-184
3123	-184
3124	-181
3125	-180
3126	-178
3127	-178
3128	-178
3129	-178
3130	-179
3131	-180
3132	-180
3133	-180
3134	-179
3135	-178
3136	-177
3137	-177
3138	-178
3139	-179
3140	-180
3141	-179
3142	-179
3143	-179
3144	-178
3145	-178
3146	-178
3147	-179
3148	-180
3149	-178
3150	-178
3151	-178
3152	-177
3153	-175
3154	-176
3155	-174
3156	-174
3157	-175
3158	-175
3159	-173
3160	-170
3161	-169
3162	-166
3163	-165
3164	-165
3165	-164
3166	-166
3167	-167
3168	-169
3169	-169
3170	-169
3171	-169
3172	-170
3173	-170
3174	-171
3175	-172
3176	-172
3177	-172
3178	-172
3179	-173
3180	-174
3181	-174
3182	-175
3183	-175
3184	-176
3185	-176
3186	-176
3187	-176
3188	-175
3189	-176
3190	-176
3191	-175
3192	-174
3193	-174
3194	-173
3195	-174
3196	-174
3197	-173
3198	-173
3199	-173
3200	-173
3201	-173
3202	-174
3203	-174
3204	-174
3205	-174
3206	-175
3207	-175
3208	-175
3209	-175
3210	-174
3211	-174
3212	-174
3213	-174
3214	-174
3215	-174
3216	-175
3217	-176
3218	-176
3219	-176
3220	-175
3221	-174
3222	-174
3223	-174
3224	-175
3225	-175
3226	-175
3227	-173
3228	-172
3229	-172
3230	-172
3231	-171
3232	-171
3233	-169
3234	-167
3235	-166
3236	-165
3237	-163
3238	-161
3239	-161
3240	-158
3241	-156
3242	-156
3243	-154
3244	-150
3245	-148
3246	-148
3247	-147
3248	-144
3249	-138
3250	-134
3251	-131
3252	-135
3253	-146
3254	-150
3255	-146
3256	-140
3257	-133
3258	-128
3259	-128
3260	-129
3261	-130
3262	-133
3263	-135
3264	-136
3265	-135
3266	-135
3267	-134
3268	-132
3269	-131
3270	-130
3271	-133
3272	-132
3273	-132
3274	-134
3275	-133
3276	-132
3277	-133
3278	-134
3279	-135
3280	-136
3281	-135
3282	-136
3283	-136
3284	-136
3285	-135
3286	-134
3287	-132
3288	-131
3289	-132
3290	-132
3291	-130
3292	-128
3293	-129
3294	-131
3295	-131
3296	-131
3297	-131
3298	-132
3299	-134
3300	-136
3301	-139
3302	-141
3303	-141
3304	-142
3305	-145
3306	-149
3307	-154
3308	-158
3309	-159
3310	-159
3311	-162
3312	-163
3313	-163
3314	-162
3315	-160
3316	-160
3317	-160
3318	-160
3319	-160
3320	-159
3321	-158
3322	-158
3323	-158
3324	-158
3325	-157
3326	-157
3327	-157
3328	-157
3329	-158
3330	-158
3331	-157
3332	-157
3333	-157
3334	-158
3335	-158
3336	-158
3337	-158
3338	-158
3339	-158
3340	-157
3341	-158
3342	-158
3343	-157
3344	-157
3345	-157
3346	-157
3347	-158
3348	-158
3349	-159
3350	-160
3351	-160
3352	-160
3353	-160
3354	-159
3355	-159
3356	-159
3357	-159
3358	-160
3359	-161
3360	-161
3361	-161
3362	-162
3363	-162
3364	-163
3365	-163
3366	-163
3367	-163
3368	-163
3369	-164
3370	-164
3371	-164
3372	-165
3373	-166
3374	-166
3375	-166
3376	-166
3377	-166
3378	-166
3379	-166
3380	-165
3381	-165
3382	-165
3383	-165
3384	-164
3385	-164
3386	-163
3387	-162
3388	-162
3389	-162
3390	-161
3391	-162
3392	-162
3393	-162
3394	-162
3395	-162
3396	-162
3397	-162
3398	-163
3399	-163
3400	-162
3401	-163
3402	-163
3403	-162
3404	-162
3405	-162
3406	-161
3407	-161
3408	-161
3409	-160
3410	-159
3411	-159
3412	-158
3413	-157
3414	-156
3415	-155
3416	-154
3417	-153
3418	-152
3419	-152
3420	-150
3421	-150
3422	-148
3423	-146
3424	-144
3425	-142
3426	-141
3427	-141
3428	-140
3429	-138
3430	-137
3431	-137
3432	-137
3433	-136
3434	-136
3435	-136
3436	-136
3437	-135
3438	-135
3439	-134
3440	-133
3441	-133
3442	-132
3443	-132
3444	-132
3445	-131
3446	-131
3447	-131
3448	-130
3449	-130
3450	-130
3451	-129
3452	-129
3453	-129
3454	-130
3455	-129
3456	-129
3457	-130
3458	-130
3459	-130
3460	-131
3461	-131
3462	-131
3463	-131
3464	-131
3465	-132
3466	-131
3467	-131
3468	-130
3469	-130
3470	-130
3471	-130
3472	-130
3473	-130
3474	-129
3475	-129
3476	-129
3477	-129
3478	-128
3479	-128
3480	-129
3481	-128
3482	-128
3483	-127
3484	-128
3485	-128
3486	-127
3487	-127
3488	-128
3489	-128
3490	-128
3491	-128
3492	-128
3493	-128
3494	-128
3495	-128
3496	-128
3497	-127
3498	-126
3499	-126
3500	-126
3501	-126
3502	-125
3503	-125
3504	-124
3505	-124
3506	-124
3507	-123
3508	-123
3509	-123
3510	-122
3511	-122
3512	-122
3513	-121
3514	-121
3515	-121
3516	-120
3517	-120
3518	-119
3519	-119
3520	-120
3521	-119
3522	-119
3523	-120
3524	-120
3525	-120
3526	-119
3527	-119
3528	-119
3529	-119
3530	-119
3531	-119
3532	-119
3533	-119
3534	-119
3535	-119
3536	-118
3537	-119
3538	-119
3539	-119
3540	-119
3541	-118
3542	-118
3543	-118
3544	-118
3545	-118
3546	-118
3547	-117
3548	-117
3549	-117
3550	-117
3551	-117
3552	-117
3553	-117
3554	-118
3555	-118
3556	-117
3557	-118
3558	-117
3559	-118
3560	-117
3561	-117
3562	-117
3563	-117
3564	-116
3565	-116
3566	-116
3567	-116
3568	-115
3569	-115
3570	-115
3571	-115
3572	-115
3573	-114
3574	-114
3575	-114
3576	-114
3577	-114
3578	-114
3579	-114
3580	-114
3581	-113
3582	-113
3583	-113
3584	-113
3585	-113
3586	-113
3587	-113
3588	-113
3589	-113
3590	-112
3591	-112
3592	-111
3593	-112
3594	-111
3595	-112
3596	-112
3597	-111
3598	-111
3599	-111
3600	-111
3601	-111
3602	-111
3603	-112
3604	-112
3605	-112
3606	-112
3607	-113
3608	-113
3609	-113
3610	-114
3611	-114
3612	-114
3613	-114
3614	-113
3615	-113
3616	-113
3617	-113
3618	-113
3619	-112
3620	-111
3621	-111
3622	-112
3623	-111
3624	-111
3625	-111
3626	-111
3627	-110
3628	-111
3629	-110
3630	-110
3631	-111
3632	-111
3633	-110
3634	-110
3635	-110
3636	-110
3637	-110
3638	-110
3639	-111
3640	-111
3641	-110
3642	-111
3643	-110
3644	-110
3645	-109
3646	-109
3647	-109
3648	-109
3649	-109
3650	-109
3651	-109
3652	-109
3653	-109
3654	-109
3655	-109
3656	-110
3657	-110
3658	-110
3659	-110
3660	-110
3661	-110
3662	-111
3663	-111
3664	-110
3665	-110
3666	-111
3667	-111
3668	-111
3669	-111
3670	-112
3671	-112
3672	-113
3673	-112
3674	-113
3675	-113
3676	-114
3677	-114
3678	-114
3679	-114
3680	-114
3681	-113
3682	-113
3683	-114
3684	-113
3685	-114
3686	-114
3687	-113
3688	-114
3689	-114
3690	-114
3691	-114
3692	-114
3693	-114
3694	-113
3695	-113
3696	-113
3697	-113
3698	-114
3699	-113
3700	-113
3701	-113
3702	-113
3703	-113
3704	-113
3705	-113
3706	-113
3707	-113
3708	-113
3709	-112
3710	-112
3711	-112
3712	-112
3713	-112
3714	-112
3715	-112
3716	-112
3717	-112
3718	-112
3719	-112
3720	-112
3721	-112
3722	-112
3723	-112
3724	-112
3725	-111
3726	-112
3727	-111
3728	-111
3729	-111
3730	-111
3731	-111
3732	-111
3733	-111
3734	-110
3735	-110
3736	-110
3737	-110
3738	-110
3739	-110
3740	-109
3741	-109
3742	-109
3743	-109
3744	-109
3745	-109
3746	-108
3747	-108
3748	-108
3749	-108
3750	-108
3751	-108
3752	-108
3753	-108
3754	-108
3755	-107
3756	-107
3757	-107
3758	-107
3759	-107
3760	-107
3761	-107
3762	-106
3763	-107
3764	-106
3765	-106
3766	-106
3767	-106
3768	-106
3769	-106
3770	-105
3771	-106
3772	-106
3773	-106
3774	-106
3775	-105
3776	-106
3777	-106
3778	-106
3779	-105
3780	-105
3781	-105
3782	-105
3783	-105
3784	-105
3785	-105
3786	-106
3787	-106
3788	-106
3789	-106
3790	-106
3791	-107
3792	-107
3793	-107
3794	-107
3795	-107
3796	-107
3797	-107
3798	-107
3799	-107
3800	-107
3801	-107
3802	-107
3803	-107
3804	-107
3805	-107
3806	-107
3807	-106
3808	-106
3809	-106
3810	-106
3811	-106
3812	-106
3813	-107
3814	-107
3815	-107
3816	-107
3817	-107
3818	-107
3819	-107
3820	-108
3821	-108
3822	-108
3823	-108
3824	-108
3825	-108
3826	-108
3827	-108
3828	-108
3829	-108
3830	-108
3831	-108
3832	-108
3833	-108
3834	-109
3835	-109
3836	-109
3837	-109
3838	-109
3839	-109
3840	-109
3841	-109
3842	-109
3843	-109
3844	-109
3845	-109
3846	-109
3847	-109
3848	-110
3849	-110
3850	-111
3851	-111
3852	-110
3853	-111
3854	-111
3855	-111
3856	-111
3857	-111
3858	-111
3859	-111
3860	-111
3861	-111
3862	-111
3863	-111
3864	-111
3865	-111
3866	-111
3867	-111
3868	-111
3869	-111
3870	-110
3871	-110
3872	-110
3873	-110
3874	-110
3875	-110
3876	-109
3877	-109
3878	-110
3879	-109
3880	-109
3881	-109
3882	-109
3883	-109
3884	-109
3885	-109
3886	-108
3887	-108
3888	-108
3889	-109
3890	-108
3891	-108
3892	-108
3893	-108
3894	-108
3895	-108
3896	-107
3897	-107
3898	-107
3899	-107
3900	-107
3901	-107
3902	-107
3903	-107
3904	-107
3905	-107
3906	-107
3907	-106
3908	-106
3909	-105
3910	-104
3911	-104
3912	-104
3913	-104
3914	-103
3915	-104
3916	-103
3917	-103
3918	-103
3919	-102
3920	-102
3921	-102
3922	-102
3923	-102
3924	-102
3925	-102
3926	-102
3927	-102
3928	-102
3929	-101
3930	-101
3931	-101
3932	-101
3933	-101
3934	-100
3935	-100
3936	-100
3937	-99
3938	-98
3939	-98
3940	-98
3941	-97
3942	-97
3943	-97
3944	-97
3945	-96
3946	-96
3947	-95
3948	-95
3949	-95
3950	-95
3951	-95
3952	-96
3953	-96
3954	-96
3955	-96
3956	-96
3957	-97
3958	-97
3959	-97
3960	-97
3961	-96
3962	-96
3963	-95
3964	-95
3965	-94
3966	-94
3967	-94
3968	-94
3969	-93
3970	-93
3971	-92
3972	-92
3973	-92
3974	-92
3975	-91
3976	-91
3977	-91
3978	-91
3979	-90
3980	-90
3981	-90
3982	-90
3983	-90
3984	-89
3985	-89
3986	-89
3987	-89
3988	-89
3989	-89
3990	-88
3991	-88
3992	-87
3993	-87
3994	-87
3995	-86
3996	-86
3997	-86
3998	-85
3999	-85
4000	-85
4001	-85
4002	-85
4003	-84
4004	-84
4005	-84
4006	-84
4007	-83
4008	-83
4009	-83
4010	-82
4011	-81
4012	-81
4013	-80
4014	-80
4015	-80
4016	-80
4017	-80
4018	-81
4019	-81
4020	-81
4021	-81
4022	-81
4023	-81
4024	-80
4025	-80
4026	-80
4027	-80
4028	-80
4029	-80
4030	-81
4031	-81
4032	-81
4033	-81
4034	-81
4035	-81
4036	-80
4037	-80
4038	-80
4039	-80
4040	-80
4041	-80
4042	-81
4043	-80
4044	-80
4045	-80
4046	-80
4047	-81
4048	-81
4049	-81
4050	-81
4051	-81
4052	-81
4053	-81
4054	-82
4055	-82
4056	-82
4057	-82
4058	-83
4059	-83
4060	-83
4061	-84
4062	-84
4063	-84
4064	-84
4065	-84
4066	-84
4067	-83
4068	-83
4069	-83
4070	-84
4071	-83
4072	-83
4073	-83
4074	-84
4075	-84
4076	-84
4077	-84
4078	-84
4079	-84
4080	-84
4081	-84
4082	-84
4083	-84
4084	-84
4085	-83
4086	-83
4087	-83
4088	-82
4089	-82
4090	-82
4091	-82
4092	-82
4093	-82
4094	-82
4095	-82
4096	-82
4097	-82
4098	-81
4099	-80
4100	-80
4101	-80
4102	-79
4103	-79
4104	-79
4105	-79
4106	-79
4107	-79
4108	-79
4109	-79
4110	-84
4111	-78
4112	-78
4113	-78
4114	-77
4115	-77
4116	-78
4117	-78
4118	-78
4119	-78
4120	-78
4121	-78
4122	-78
4123	-78
4124	-77
4125	-77
4126	-76
4127	-76
4128	-76
4129	-76
4130	-76
4131	-76
4132	-75
4133	-76
4134	-76
4135	-76
4136	-76
4137	-76
4138	-77
4139	-77
4140	-77
4141	-76
4142	-76
4143	-75
4144	-75
4145	-75
4146	-75
4147	-74
4148	-74
4149	-74
4150	-74
4151	-74
4152	-74
4153	-74
4154	-74
4155	-73
4156	-73
4157	-74
4158	-74
4159	-74
4160	-74
4161	-74
4162	-75
4163	-75
4164	-74
4165	-74
4166	-74
4167	-77
4168	-74
4169	-75
4170	-74
4171	-75
4172	-75
4173	-75
4174	-74
4175	-74
4176	-74
4177	-73
4178	-73
4179	-73
4180	-73
4181	-72
4182	-72
4183	-72
4184	-71
4185	-71
4186	-71
4187	-71
4188	-71
4189	-71
4190	-72
4191	-71
4192	-71
4193	-71
4194	-71
4195	-71
4196	-71
4197	-70
4198	-69
4199	-69
4200	-69
4201	-69
4202	-69
4203	-69
4204	-68
4205	-68
4206	-68
4207	-68
4208	-68
4209	-68
4210	-68
4211	-68
4212	-68
4213	-68
4214	-68
4215	-68
4216	-68
4217	-68
4218	-68
4219	-67
4220	-67
4221	-66
4222	-65
4223	-65
4224	-65
4225	-65
4226	-65
4227	-65
4228	-65
4229	-65
4230	-65
4231	-65
4232	-65
4233	-64
4234	-64
4235	-64
4236	-63
4237	-63
4238	-64
4239	-64
4240	-64
4241	-64
4242	-64
4243	-64
4244	-64
4245	-64
4246	-64
4247	-64
4248	-65
4249	-65
4250	-64
4251	-65
4252	-65
4253	-65
4254	-64
4255	-65
4256	-64
4257	-64
4258	-64
4259	-64
4260	-64
4261	-64
4262	-64
4263	-63
4264	-63
4265	-63
4266	-64
4267	-63
4268	-63
4269	-63
4270	-63
4271	-63
4272	-63
4273	-63
4274	-62
4275	-62
4276	-62
4277	-62
4278	-62
4279	-62
4280	-61
4281	-61
4282	-61
4283	-61
4284	-61
4285	-61
4286	-61
4287	-61
4288	-60
4289	-60
4290	-60
4291	-59
4292	-59
4293	-59
4294	-59
4295	-58
4296	-58
4297	-58
4298	-58
4299	-58
4300	-58
4301	-57
4302	-57
4303	-56
4304	-56
4305	-57
4306	-57
4307	-57
4308	-57
4309	-57
4310	-57
4311	-57
4312	-57
4313	-57
4314	-56
4315	-57
4316	-57
4317	-56
4318	-56
4319	-56
4320	-56
