1	342.3
2	342.3
3	340.9
4	341.8
5	341.8
6	337.4
7	341.7
8	340.2
9	337.9
10	341.8
11	342.3
12	339.65
13	337
14	334.35
15	331.7
16	331.7
17	331.7
18	331.3833333
19	331.0666667
20	330.75
21	330.4333333
22	330.1166667
23	329.8
24	329.9
25	330.8
26	330.9
27	329.6
28	329.5
29	328.2
30	328.5
31	331.3
32	334.4
33	334.5
34	336.1
35	335.8
36	335.7
37	336.5
38	337.3
39	338.3
40	339.3
41	340.3
42	343.7
43	343.3
44	342.6
45	344.4
46	346.9
47	349.1
48	350.2142857
49	351.3285714
50	352.4428571
51	353.5571429
52	354.6714286
53	355.7857143
54	356.9
55	352.3
56	348.4
57	354.8
58	354.8
59	358.3
60	360.1
61	360.7
62	354.3
63	354.3
64	352.1
65	351.4
66	352.3
67	349
68	347.1
69	346.5
70	355.1
71	354
72	351.4
73	360.2
74	360.3
75	361.1
76	361.1
77	355.4
78	355.4
79	355.4
80	347.5
81	348
82	352.9
83	354.3
84	347.8
85	347.8
86	347.8
87	345.3
88	346.6
89	347.7
90	351
91	347.3
92	346.4
93	344.3
94	344.8
95	348.5
96	346.7
97	344.9
98	344.1
99	343.9
100	343.4
101	342.8
102	342.3
103	342.3
104	337.3
105	337.3
106	338.1
107	338.1
108	337.5
109	336.5
110	337.3
111	340
112	341.8
113	342.3
114	345.2
115	344.7
116	343.7
117	345.2
118	342.8
119	338.5
120	342.7
121	342.8
122	343.1
123	343.1
124	339.9
125	339.5
126	337.2
127	337.2
128	338.8
129	339.4
130	340.5
131	341.1
132	350.1
133	350.4
134	341
135	341.1
136	349.5
137	348.3
138	345.7
139	346.3
140	346.9
141	346.9
142	343.9
143	343.2
144	341.8
145	351.2
146	351.8
147	352.1
148	346.2
149	344.2
150	340.3
151	344.6
152	348.9
153	348.9
154	346.8
155	346.9
156	346
157	345.1
158	344.2
159	344.8
160	341.3
161	341.7
162	342.2
163	340.15
164	338.1
165	338.1
166	341.3
167	342.2
168	351.7
169	353.6
170	346.8
171	346.9
172	356.3
173	356.3
174	349.9
175	348.6
176	344
177	348.6
178	348.5
179	343.4
180	343.4
181	342.8
182	344.3
183	345.3
184	341.6
185	342.6
186	347.7
187	344.4
188	344
189	344
190	346.6
191	346.6
192	349.8
193	349.8
194	348.5
195	347.8
196	349.2
197	350.2
198	349.1
199	344.9
200	344.3
201	349.8
202	352.7
203	347.1
204	344.8
205	344.5
206	342.8
207	342.8
208	344.3
209	343.8
210	342.8
211	341.15
212	339.5
213	339.5
214	339.5
215	340.9
216	340.9
217	340.8
218	341.2
219	341.8
220	341.7
221	343.4
222	346.1
223	349.2
224	350.3
225	349
226	349.1
227	349.2
228	348.4
229	348.3
230	349.4
231	350.8
232	348.7
233	348.7
234	348.3
235	348.4
236	348.5
237	347.1333333
238	345.7666667
239	344.4
240	343.1
241	342.2
242	343.1
243	342.5
244	342.5
245	343
246	344.1
247	345.3
248	343.75
249	342.2
250	343.1
251	343.5
252	346.8
253	346.8
254	346.8
255	344.6
256	344.6
257	343.3666667
258	342.1333333
259	340.9
260	341
261	351.2
262	356.6
263	349.4
264	348.7
265	348.05
266	347.4
267	347.4
268	339.9
269	342
270	342.2
271	341.8
272	342.3
273	343.5
274	342.3
275	341.8
276	341.5
277	342.8
278	342.6
279	342.5
280	343
281	343
282	340.7
283	340.7
284	341.8
285	341.8
286	342.8
287	341.4
288	340.6666667
289	339.9333333
290	339.2
291	340.5
292	343.2
293	349.95
294	356.7
295	352.4
296	349.5
297	348.2
298	348.2
299	344.8
300	344.8
301	345.4
302	345.4
303	341.9
304	341.9
305	342.1
306	342.3
307	342.3
308	342.3
309	340.5
310	345
311	350
312	354.475
313	358.95
314	363.425
315	367.9
316	366.5
317	351.8
318	360.2
319	363
320	366.3
321	366.3
322	366.2
323	366.1
324	365.1428571
325	364.1857143
326	363.2285714
327	362.2714286
328	361.3142857
329	360.3571429
330	359.4
331	356.8
332	355.5
333	353.1
334	352.7
335	354.6
336	353.5
337	353.4
338	345.2
339	359.3
340	368.5
341	378.25
342	388
343	397.75
344	407.5
345	417.25
346	427
347	424.7
348	389.5
349	418.1
350	427.1
351	381
352	394.9
353	403.7
354	410.8
355	410.8
356	403.3
357	404.5
358	405.4
359	408.7
360	408.7
361	404.9
362	405.1
363	405.8
364	414.5
365	414
366	405.4
367	406.9
368	407.5
369	407.5
370	410.3
371	413.1
372	413.1
373	423.2
374	420.9
375	414.9
376	412.2
377	412.2
378	414.5
379	414.7
380	415.3
381	415.3
382	411.6
383	411.6
384	411.8
385	411.8
386	412.6
387	412.8
388	414.1
389	414.2
390	414.4
391	418.4
392	418.7
393	416.1
394	417.6
395	415.9
396	415.7
397	415.1
398	415.1
399	411.1
400	411.1
401	416.8
402	416.8
403	416.3
404	416.2
405	415.15
406	414.1
407	414
408	413.6
409	419.2
410	419
411	416.3
412	413.2
413	414.8
414	410.9
415	410.9
416	410.5
417	410.5
418	411.3
419	414.7
420	414.7
421	414.7
422	407.3
423	407.3
424	424.4
425	428.7
426	434.2
427	432.6
428	428
429	428
430	428
431	428
432	428
433	428
434	428.1
435	427.9
436	427.2
437	429.4
438	429.5
439	432.4
440	432.4
441	433.1
442	431.7
443	423.7
444	428.5
445	428.5
446	424.1
447	421.7
448	421.7
449	421.7
450	421.7
451	422.7
452	420.3
453	415.5
454	413.7
455	413.7
456	415.1
457	415.7
458	427
459	425
460	424.5
461	424.3
462	426.9
463	427.2
464	428.7
465	427.5
466	419.3
467	419.7
468	421.9
469	421.1
470	420.1
471	420.7
472	420.7
473	419.2
474	419.1
475	416.7
476	416.2
477	414
478	417.2
479	419.5
480	414.1
481	414.1
482	422.2
483	422.2
484	424.05
485	425.9
486	425.9
487	427.7
488	427.7
489	427.7
490	425.7
491	423.7
492	421.7
493	422.8
494	421.5
495	417.8
496	417.5
497	421.7
498	421
499	420.3
500	421.4
501	422.9
502	423.1
503	419.7
504	419.7
505	419.7
506	420.7
507	420.7
508	414.3
509	416.4
510	419.6
511	419.2
512	419.1
513	415.5
514	415.5
515	411.6
516	412.9
517	416.3
518	423.7
519	423.6
520	419.8
521	422
522	426.7
523	425.3
524	423.9
525	423.9
526	418.45
527	413
528	413
529	414.7
530	418.6
531	421.5
532	423.8
533	421.3
534	420.8
535	417
536	417
537	415.1
538	415.8
539	417.6
540	418.5
541	422
542	424.6
543	427.8
544	420.9
545	419.8
546	418.1
547	418.1
548	416.3666667
549	414.6333333
550	412.9
551	412.9
552	400.3
553	411.2
554	417
555	431
556	431
557	426.3
558	421.6
559	421.6
560	413.4
561	414.4
562	414.1333333
563	413.8666667
564	413.6
565	410.9
566	408.9
567	409.72
568	410.54
569	411.36
570	412.18
571	413
572	413
573	413
574	412.7
575	412.5
576	410.8
577	410.7
578	413.3
579	415.9
580	415.9
581	415.9
582	419.3
583	419.3
584	422.7
585	422.7
586	424.5
587	424.5
588	424.5
589	428.9
590	429.8
591	432.7
592	432.6
593	432.5
594	417.1
595	414.8
596	400.7
597	400.6
598	396.7
599	392.8
600	392.8
601	392.8
602	392
603	400.3
604	400.5
605	395.3
606	393
607	392.3666667
608	391.7333333
609	391.1
610	394
611	398.2
612	400
613	399
614	398
615	397.9
616	396.2
617	395.7
618	395.3
619	394
620	393.1
621	392.4
622	394.2
623	395
624	398.5
625	399.4
626	400.6
627	401.3
628	401.4
629	411.8
630	411.8
631	411.7
632	411.6
633	411.6
634	411.6
635	407.6
636	407.6
637	407.6
638	406.6
639	406.6
640	404.75
641	402.9
642	402.9
643	402.9
644	404.6
645	406.3
646	406.3
647	408.4
648	409.4
649	409.4
650	410.55
651	411.7
652	412.1
653	413.8
654	413.1
655	413
656	413.3
657	414.9
658	417.9
659	418
660	410.3
661	410.3
662	412.1
663	416.7
664	416.1
665	415.6
666	418.9
667	417.5
668	416.1
669	416
670	414.5
671	420.5
672	421.1
673	421.1666667
674	421.2333333
675	421.3
676	423.6
677	423.3
678	422.4
679	422.4
680	431.5
681	431.5
682	437.1
683	438.3
684	440.3
685	440.4
686	437.54
687	434.68
688	431.82
689	428.96
690	426.1
691	425.6
692	431.2
693	431.7
694	432.9666667
695	434.2333333
696	435.5
697	435.5
698	434.6
699	434.6
700	432.4
701	433
702	438.1
703	436.6
704	435.3
705	433.8
706	432.3
707	430.5
708	430.4
709	431.4
710	431.4
711	435.5
712	435.5
713	436.15
714	436.8
715	436.8
716	433.45
717	430.1
718	430.1
719	432.1
720	432.1
721	428.5
722	428.7
723	435.1
724	435.7
725	435.8
726	433.9
727	433.9
728	433.9
729	434.4
730	434.4
731	433.35
732	432.3
733	430.7
734	448.3
735	448.3
736	434.7
737	439.9
738	440.4
739	435.2
740	432.5
741	432.5
742	439.6
743	442
744	447.1
745	447.1
746	445.8
747	444.5
748	433.3
749	425.1
750	433.6
751	435
752	427.1
753	428.7333333
754	430.3666667
755	432
756	432
757	430.8
758	429.8
759	431.3
760	414.9
761	413.7
762	412.5
763	419.9
764	419.9
765	419.9
766	423.7666667
767	427.6333333
768	431.5
769	431.5
770	412.2
771	420.5
772	425.2
773	424.4
774	424.4
775	417.1
776	417.6
777	419.7
778	420.4
779	425.6
780	423.3
781	422.5
782	410.6
783	410.6
784	409.7666667
785	408.9333333
786	408.1
787	418.5
788	425.4
789	423.4
790	428.6
791	426.9
792	425.2
793	425.7
794	426
795	418
796	418
797	415.7
798	419.3
799	420.4
800	417.7
801	418
802	419.9
803	419.8
804	425.8
805	425.8
806	424.5
807	423.2
808	421.9
809	418.5
810	416.7
811	416.8
812	418.7
813	420.6
814	419.9
815	411.6
816	410.8
817	409.8833333
818	408.9666667
819	408.05
820	407.1333333
821	406.2166667
822	405.3
823	406.8
824	408.6
825	407.7545455
826	406.9090909
827	406.0636364
828	405.2181818
829	404.3727273
830	403.5272727
831	402.6818182
832	401.8363636
833	400.9909091
834	400.1454545
835	399.3
836	399.3
837	405.1833333
838	411.0666667
839	416.95
840	422.8333333
841	428.7166667
842	434.6
843	434.6
844	434.6
845	435.6
846	435.6
847	435.6
848	419.5
849	419.5
850	431.8
851	434.4
852	430
853	430
854	437.3
855	437.6
856	439
857	439
858	437.35
859	435.7
860	433.7
861	432
862	446.6
863	457.5
864	464
865	454.95
866	445.9
867	445.9
868	445.9
869	439.65
870	433.4
871	433.4
872	432.9
873	432.4
874	431.9
875	431.4
876	430.9
877	434.6
878	436.5
879	423.2
880	423.2
881	423.2
882	425.2
883	425.3
884	426.475
885	427.65
886	428.825
887	430
888	431.175
889	432.35
890	433.525
891	434.7
892	434.7
893	428.8
894	428.8
895	426.3
896	423.8
897	421.3
898	418.8
899	418.8
900	421.4
901	421.7
902	421.9
903	418.5
904	418.7
905	437.7
906	437.7
907	438.3
908	434.1
909	430.4
910	431.2
911	431.7
912	445.3
913	445.6
914	444.2571429
915	442.9142857
916	441.5714286
917	440.2285714
918	438.8857143
919	437.5428571
920	436.2
921	436.2
922	436.4
923	436.5
924	436.5
925	437.4
926	437.5
927	443.1
928	443.3
929	436.9
930	427.3
931	422.8
932	422.8
933	423
934	426.1
935	426.1
936	424.5
937	427.1
938	426.7
939	423.9
940	425.625
941	427.35
942	429.075
943	430.8
944	430.8
945	430.8
946	431.1
947	431.9
948	430.3
949	430.2
950	430.3
951	430.3
952	431.6
953	431
954	436.8
955	441.5
956	440.48
957	439.46
958	438.44
959	437.42
960	436.4
961	436.4
962	437.6
963	433.8
964	433.1
965	427.2
966	424.9
967	425.1
968	426.9666667
969	428.8333333
970	430.7
971	432.5666667
972	434.4333333
973	436.3
974	436.3
975	439.3
976	439.6
977	439.6
978	439.3
979	439.3
980	436.8
981	436.8
982	438.2
983	442.4
984	443.5
985	437.4
986	437.4
987	436.45
988	435.5
989	435.5
990	435.5
991	436.7333333
992	437.9666667
993	439.2
994	440.4333333
995	441.6666667
996	442.9
997	442.7
998	442.2
999	440.7
1000	440.7
1001	439.3
1002	438.4
1003	431.4
1004	431.4
1005	439.9
1006	437.4
1007	433.4
1008	436.3
1009	436.9
1010	433
1011	433
1012	434.16
1013	435.32
1014	436.48
1015	437.64
1016	438.8
1017	438.8
1018	433
1019	435.6
1020	448.8
1021	460.8
1022	460.3
1023	460.3
1024	452.7333333
1025	445.1666667
1026	437.6
1027	439.6
1028	441.7
1029	437.9
1030	437.9
1031	437.9
1032	428.4
1033	428.4
1034	432.6
1035	440.9
1036	443.9
1037	444
1038	444.8666667
1039	445.7333333
1040	446.6
1041	446.6
1042	446
1043	446.6
1044	448.1
1045	453.4
1046	446
1047	444.6
1048	440.85
1049	437.1
1050	437.1
1051	434.7
1052	437.4
1053	443.8
1054	445.4
1055	446.9
1056	446.7
1057	437.5
1058	446.2
1059	453.3
1060	455.6
1061	456.6
1062	458.5
1063	458.3
1064	459.0363636
1065	459.7727273
1066	460.5090909
1067	461.2454545
1068	461.9818182
1069	462.7181818
1070	463.4545455
1071	464.1909091
1072	464.9272727
1073	465.6636364
1074	466.4
1075	466.4
1076	453.4
1077	440.4
1078	440.4
1079	437.4
1080	440.8
1081	444.2
1082	442.6
1083	442.6
1084	439
1085	437.5
1086	436.3
1087	437.1
1088	439
1089	443.7
1090	446
1091	444.9
1092	455.5
1093	453.3
1094	454.4
1095	449.68
1096	444.96
1097	440.24
1098	435.52
1099	430.8
1100	430.8
1101	436.8
1102	442.8
1103	442.6
1104	437.4
1105	435.4
1106	431.9
1107	433.7
1108	436.8
1109	437.5
1110	434.9
1111	436.5
1112	437.7
1113	433.4
1114	433.4
1115	439.3
1116	446.8
1117	437.8
1118	437.4
1119	442.6
1120	551.5
1121	574.9
1122	639.1
1123	496.1
1124	448.2
1125	448.4
1126	594.9
1127	529.1
1128	449.6
1129	562.3
1130	549.7
1131	623.3
1132	629.6
1133	684.7
1134	697.9
1135	712.1
1136	707.9
1137	693.7
1138	698.4
1139	709.4
1140	708.8
1141	708.2
1142	692.8
1143	692.5
1144	692.5
1145	685
1146	683
1147	668.5
1148	678.7
1149	684.2
1150	684.2
1151	682.5
1152	685.4
1153	685.4
1154	684.7
1155	684
1156	684
1157	683.1
1158	684.7
1159	689.1
1160	695.1
1161	695.3
1162	690.6
1163	682.5
1164	681.7
1165	680
1166	680.6
1167	684.7
1168	685.9
1169	686.1
1170	679.9
1171	679.9
1172	675.7
1173	676.5
1174	677.1
1175	677.2
1176	664.2
1177	666.5
1178	667.9
1179	679.2
1180	679.2
1181	659.8
1182	655.7
1183	649.8333333
1184	643.9666667
1185	638.1
1186	638.7
1187	652.8
1188	649.9
1189	648.3
1190	640.9
1191	640.7
1192	640.7
1193	636.35
1194	632
1195	632.9
1196	645.9
1197	645.9
1198	634.3
1199	634.3
1200	634
1201	636.5
1202	637.3
1203	635.7
1204	636.6
1205	637.9
1206	633.3
1207	633.3
1208	636.8
1209	640.3
1210	640.3
1211	639.4
1212	625.4
1213	629.7
1214	630.7
1215	632.7
1216	633.4
1217	634.2
1218	634.1
1219	632.6
1220	632.6
1221	630.1
1222	630.1
1223	628.9
1224	628.9
1225	621.9
1226	624.1
1227	626.4
1228	627.9
1229	627.9
1230	627.9
1231	623.05
1232	618.2
1233	623.4
1234	633.5
1235	617.8
1236	617.8
1237	620.3
1238	623.3
1239	631.4
1240	631.4
1241	623.9
1242	626.9
1243	631.9
1244	626.7
1245	626.6
1246	627.5
1247	627.5
1248	609.7
1249	609.7
1250	619.7
1251	624.7
1252	634.5
1253	636.4
1254	627.7
1255	627.7
1256	622.8
1257	617.9
1258	625.1
1259	636.8
1260	636.4
1261	636
1262	635.6
1263	635.2
1264	635.2
1265	635.2
1266	622.5
1267	625
1268	630
1269	603.8
1270	617.5
1271	601.5
1272	599.9
1273	604.4
1274	608.9
1275	608.9
1276	608.9
1277	627.9333333
1278	646.9666667
1279	666
1280	666.3
1281	666.8
1282	666.8
1283	648.9
1284	648.2
1285	646.1
1286	638.9
1287	631.7
1288	631.7
1289	636
1290	636
1291	666.3
1292	666.3
1293	665.65
1294	665
1295	668.1
1296	670.8
1297	662.8
1298	665.7
1299	670.2
1300	669.7
1301	661.5666667
1302	653.4333333
1303	645.3
1304	645.3
1305	645.3
1306	658.2
1307	658.2
1308	671
1309	671
1310	679.7
1311	679.7
1312	675.5
1313	675.5
1314	675.5
1315	671.4
1316	671.4
1317	671.3
1318	671.2
1319	672.6
1320	672.7
1321	676.1
1322	686.7
1323	691.3
1324	695.9
1325	691.7
1326	690.9
1327	696.4
1328	693.9
1329	659.6
1330	663.3
1331	666.7
1332	666.7
1333	672.8
1334	670.6
1335	666.4
1336	668.7
1337	667.4
1338	662.3
1339	662.3
1340	664
1341	664
1342	656.4
1343	656.5
1344	662.7
1345	663.2
1346	655.4
1347	658.4
1348	660.7
1349	647.9
1350	647.9
1351	647
1352	647
1353	645.4
1354	645.4
1355	646.1
1356	648.4
1357	651.9
1358	642.1
1359	640.6
1360	644.2
1361	647
1362	648.6
1363	641.6
1364	643.6
1365	651.2
1366	642.3
1367	649.7
1368	650.8
1369	646.9
1370	651.1
1371	661.2
1372	661.2
1373	620.7
1374	632.7
1375	650
1376	659.1
1377	659.1
1378	638.9
1379	638.9
1380	655.2
1381	658.7
1382	647
1383	648.1
1384	654.5
1385	657.7
1386	657.8
1387	651.3
1388	660.4
1389	674.9
1390	662.1
1391	662
1392	659.9
1393	659.9
1394	660.2
1395	660.1
1396	658.7
1397	658.8
1398	659.1
1399	658
1400	657.5
1401	656.1
1402	659.6
1403	655.3
1404	654.8
1405	653.7333333
1406	652.6666667
1407	651.6
1408	652.1
1409	655
1410	654.8
1411	649.8
1412	649.8
1413	646.5
1414	645.6
1415	643.4
1416	653.6
1417	666.4
1418	663.8
1419	655.2
1420	654.4
1421	650.8
1422	650.8
1423	644.1
1424	643
1425	640.9
1426	641.5
1427	641.5
1428	642.8
1429	642.8
1430	650.9
1431	650
1432	641.7
1433	648.1
1434	648
1435	646.7
1436	650.7
1437	649.5
1438	649.4
1439	648.3
1440	648.5
1441	655
1442	655
1443	654.2
1444	663.1
1445	670.5
1446	660.25
1447	650
1448	650
1449	636.3
1450	645.5
1451	650.8
1452	648.7
1453	646.8
1454	646.3
1455	640.3
1456	649.2
1457	655.1
1458	639.9
1459	639.9
1460	632.4
1461	644
1462	649.1
1463	645.5
1464	657
1465	659.5
1466	636.7
1467	636.7
1468	635.5
1469	639.2
1470	655.2
1471	652.4
1472	652.3
1473	650.8
1474	649.3
1475	647.8
1476	646.3
1477	651.9
1478	654.8
1479	644.8
1480	645.8
1481	647.5
1482	643.6
1483	645.1
1484	648.7
1485	639
1486	648.4
1487	659.5
1488	652.9
1489	654.2
1490	658.7
1491	664.6
1492	664
1493	663.7
1494	667.9
1495	683
1496	689.3
1497	694.6
1498	695
1499	692.1
1500	692
1501	694.3
1502	694.3
1503	701.4
1504	701.4
1505	692.2
1506	692.3
1507	693.5
1508	700
1509	696.3
1510	696.3
1511	698.4
1512	699.3
1513	704.7
1514	709.5
1515	709.7
1516	696.2
1517	696.2
1518	698.4
1519	700.8
1520	695.6
1521	706.5
1522	707.7
1523	705.1
1524	705.2
1525	706.4
1526	707.7
1527	709.8
1528	720.9
1529	708.2
1530	711.6
1531	713.5
1532	714.5
1533	716.9
1534	716.7
1535	716
1536	714.9
1537	714.9
1538	719
1539	721.2
1540	723
1541	720.8
1542	720.8
1543	722.6
1544	722.6
1545	719.9
1546	719.9
1547	720.5
1548	729.6
1549	730.9
1550	727.4
1551	726.6
1552	728.7
1553	733.9
1554	730.7
1555	730.9
1556	732.2
1557	739.7
1558	741.9
1559	751.3
1560	742.4
1561	734.1
1562	747.2
1563	748.6
1564	742.6
1565	736.6
1566	730.6
1567	730.4
1568	727.2
1569	728.4
1570	728.6
1571	721.9
1572	722.6
1573	724
1574	726.6
1575	735.4
1576	741.1
1577	744.7
1578	752.3
1579	752.5
1580	734.3
1581	734.3
1582	736.9
1583	734.2
1584	733
1585	727.5
1586	733
1587	747.8
1588	743
1589	728.5
1590	743.6
1591	747.6
1592	746.9
1593	742.5
1594	746.4
1595	702.2
1596	702.2
1597	692.6
1598	692.2
1599	693.8
1600	693.8
1601	681.6
1602	695.6
1603	689.3
1604	688.7
1605	693.7
1606	693.7
1607	711.1
1608	711.1
1609	711.1
1610	715.95
1611	720.8
1612	724.4
1613	733.3
1614	733.3
1615	716.7
1616	716.7
1617	715.8
1618	715.8
1619	718.8
1620	721.1
1621	726.1
1622	730.3
1623	730.3
1624	722
1625	722
1626	720.7
1627	720.7
1628	712.6
1629	712.6
1630	717.9
1631	721.7
1632	736
1633	724.8
1634	726.3
1635	728.2
1636	729.5
1637	732.2
1638	734.7
1639	737.7
1640	735.2
1641	734.2
1642	730.5
1643	738.6
1644	739.3
1645	739
1646	744.2
1647	744.2
1648	741.5
1649	741.6
1650	741.9
1651	743.6
1652	743.8
1653	735.5
1654	735.4
1655	734
1656	741.1
1657	745
1658	750.5
1659	755.5
1660	755.5
1661	753.7
1662	753.7
1663	757.9
1664	756.7
1665	755.9
1666	761.3
1667	761.3
1668	761.3
1669	762.35
1670	763.4
1671	769.2
1672	777.8
1673	778.8
1674	779.8
1675	780.8
1676	781.8
1677	781.8
1678	774.1666667
1679	766.5333333
1680	758.9
1681	738.2
1682	728.3
1683	747.4
1684	746.9
1685	743.5
1686	740.5
1687	730.3
1688	730.3
1689	737.9
1690	735.1
1691	730.2
1692	724
1693	737.4
1694	722.7
1695	725.1
1696	738.4
1697	748.8
1698	706.5
1699	704.3
1700	704.4
1701	704.4
1702	700.3
1703	702.8
1704	700.8
1705	719.8
1706	694.2
1707	684.8
1708	684.9
1709	710.5
1710	710.5
1711	711
1712	703.6
1713	684.8
1714	686.6
1715	687.1
1716	699.8
1717	701.5
1718	698.4
1719	695.3
1720	692.2
1721	689.1
1722	686
1723	682.9
1724	679.8
1725	679.8
1726	674.7
1727	674.7
1728	672.4
1729	670.1
1730	670.1
1731	678.4
1732	678.7
1733	677.8
1734	677.8
1735	676.2
1736	675.6
1737	675.6
1738	675.4
1739	679.7
1740	683.8
1741	683.8
1742	679.6
1743	680.8
1744	695.5
1745	695.5
1746	693.5
1747	695.4
1748	708.9
1749	710.8
1750	703.9
1751	703.9
1752	707.2
1753	707.4
1754	707.4
1755	707.95
1756	708.5
1757	708.5
1758	708.95
1759	709.4
1760	709.85
1761	710.3
1762	710.3
1763	720
1764	722.7
1765	717.1
1766	713.7
1767	711.7666667
1768	709.8333333
1769	707.9
1770	707.9
1771	707.9
1772	708.3666667
1773	708.8333333
1774	709.3
1775	705.5
1776	697.7
1777	693.9
1778	605.3
1779	605.3
1780	641.15
1781	677
1782	677
1783	668.9
1784	660.8
1785	652.7
1786	652.7
1787	685.4
1788	684.5
1789	674.2
1790	674.2
1791	683.6
1792	683.6
1793	683.6
1794	672.3
1795	676.4
1796	684.6
1797	675.3
1798	675.7
1799	662.2
1800	665.1
1801	662.7
1802	658.6
1803	658.7
1804	657.3
1805	656.4
1806	656.4
1807	654.05
1808	651.7
1809	647.7
1810	646.4
1811	648.6
1812	652.3
1813	651
1814	653.5
1815	660.6
1816	654.3
1817	657.6
1818	661
1819	664.6
1820	666.5
1821	662.7
1822	665.3
1823	667
1824	666.2
1825	667
1826	671.2
1827	665
1828	664.2
1829	660.1
1830	663.2
1831	660.4
1832	658.1
1833	662.4
1834	667.5
1835	669.1
1836	666.8
1837	666.8
1838	658.8
1839	658.8
1840	642.7
1841	642.7
1842	647.8
1843	647.1
1844	645.4
1845	641.8
1846	641.7
1847	641.2
1848	641.2
1849	641.2
1850	647.2
1851	647.2
1852	647.2
1853	664.8
1854	663.6
1855	656.1
1856	655.6
1857	653.2
1858	653.7
1859	661.5
1860	666.4
1861	667.4
1862	666.05
1863	664.7
1864	664.5
1865	666.9
1866	671.4
1867	659.3
1868	671.3
1869	672.6
1870	662.8
1871	655.7
1872	655.3
1873	673.7
1874	673.7
1875	684.8
1876	695.9
1877	695.9
1878	673.15
1879	650.4
1880	650.4
1881	650.4
1882	648.16
1883	645.92
1884	643.68
1885	641.44
1886	639.2
1887	639.2
1888	590
1889	590
1890	635.4
1891	640.1
1892	649.2
1893	622.5333333
1894	595.8666667
1895	569.2
1896	577.3
1897	639.1
1898	632.9666667
1899	626.8333333
1900	620.7
1901	614.5666667
1902	608.4333333
1903	602.3
1904	591.5
1905	575.6
1906	554.7
1907	553.6
1908	586.55
1909	619.5
1910	619.5
1911	608.9666667
1912	598.4333333
1913	587.9
1914	578.6
1915	586.6
1916	611.8
1917	634.1
1918	631.8
1919	627.1333333
1920	622.4666667
1921	617.8
1922	617.8
1923	613.2
1924	613.2
1925	597.2
1926	624.8
1927	630.9
1928	639.4
1929	672.4
1930	705.4
1931	705.4
1932	704.3
1933	704.2
1934	690.9
1935	690.8
1936	690.2
1937	692.1
1938	686.7
1939	684.8
1940	698.3
1941	685.3
1942	685
1943	683.6
1944	680.4
1945	682.2
1946	682.4
1947	681.6
1948	680.8
1949	675.1
1950	667.3
1951	685.2
1952	675.8
1953	673.9
1954	673.05
1955	672.2
1956	672.2
1957	660.8
1958	661.2
1959	674.4
1960	674.9
1961	678.9
1962	675.8
1963	668.9
1964	668.9
1965	666.6
1966	666.6
1967	666.6
1968	660.0333333
1969	653.4666667
1970	646.9
1971	646.9
1972	639.8
1973	639.4
1974	648.5
1975	648.5
1976	639.9
1977	639.9
1978	643.1
1979	646.3
1980	649.5
1981	652.7
1982	652.7
1983	652.7
1984	650.3
1985	647.9
1986	645.5
1987	643.1
1988	643.1
1989	651.7
1990	651.7
1991	652.6
1992	655.1
1993	655.4
1994	656.2
1995	656.2
1996	653.8
1997	653.8
1998	651.75
1999	649.7
2000	650.5
2001	654.7
2002	654.7
2003	657.1
2004	659.7
2005	668.2
2006	668.2
2007	661.85
2008	655.5
2009	645.9
2010	636.5
2011	643.25
2012	650
2013	650
2014	650
2015	642.92
2016	635.84
2017	628.76
2018	621.68
2019	614.6
2020	620.1
2021	625
2022	628.8
2023	630.9
2024	632.6
2025	632.7
2026	631.9
2027	626.5
2028	633
2029	634.3
2030	640.2
2031	640.2
2032	640.4
2033	640.6
2034	640.8
2035	641
2036	641.2
2037	641.4
2038	641.4
2039	647.1
2040	642.7
2041	640.4
2042	637.2
2043	637.9
2044	633.2
2045	632
2046	631.7
2047	631.7
2048	631.7
2049	637.7
2050	635.2
2051	633.4
2052	630.4
2053	630.5
2054	632.8
2055	631.1
2056	630.4
2057	630.3
2058	631
2059	634.6
2060	636.9
2061	638.5
2062	639.6
2063	638.9
2064	636.5
2065	630.9
2066	630.9
2067	666.3
2068	659.3
2069	641.2
2070	641.2
2071	641.2
2072	635.6
2073	637.1
2074	640.1
2075	642
2076	642
2077	642
2078	643.7
2079	643.7
2080	643.7
2081	642.5
2082	646.5
2083	657
2084	655.4
2085	651
2086	652.9
2087	650.5
2088	638.5
2089	644.5
2090	652.3
2091	652.5
2092	644.9
2093	642.7
2094	646.5
2095	656.4
2096	649.5
2097	649.6
2098	653.1
2099	646.5
2100	644.8
2101	651.9
2102	658.6
2103	659.8
2104	649.8
2105	654.9
2106	658.5
2107	659.6
2108	659.6
2109	660.3
2110	660.6
2111	666.9
2112	655.8
2113	657.7
2114	658.2
2115	658.7
2116	658.7
2117	647.2
2118	647.2
2119	645.7
2120	645.7
2121	635.9
2122	635.9
2123	638.8
2124	639
2125	632.7
2126	633.7
2127	639.1
2128	631.8
2129	631.6
2130	629.5
2131	629.5
2132	639.75
2133	650
2134	650
2135	651.6
2136	649.9
2137	645.5
2138	641.5
2139	640.6
2140	637.6
2141	639.1
2142	646.6
2143	644.7
2144	651.9
2145	634.9
2146	622.1
2147	618.9
2148	621.7
2149	655.4
2150	655.4
2151	644.45
2152	633.5
2153	632.2
2154	617.8
2155	617.8
2156	616.45
2157	615.1
2158	615.1
2159	597.45
2160	579.8
2161	581.6
2162	613.1
2163	613.1
2164	613.1
2165	597.0666667
2166	581.0333333
2167	565
2168	565
2169	565
2170	564.26
2171	563.52
2172	562.78
2173	562.04
2174	561.3
2175	567.3
2176	571.2
2177	566.1
2178	576.2
2179	575.5
2180	602.4
2181	594.4
2182	587.1
2183	585.1
2184	594.3
2185	604.4
2186	585.3
2187	587.1
2188	569.9
2189	568.6
2190	566.9
2191	565.2
2192	563.5
2193	561.8
2194	560.1
2195	560.1
2196	560.1
2197	561.075
2198	562.05
2199	563.025
2200	564
2201	564
2202	562.5
2203	561
2204	559.5
2205	558
2206	558
2207	558
2208	558.4
2209	569.4
2210	586.8
2211	573.25
2212	559.7
2213	559.7
2214	557.8
2215	557.8
2216	553.45
2217	549.1
2218	549.1
2219	546.1
2220	546.1
2221	546.1
2222	545.9
2223	545.9
2224	536.2
2225	526.5
2226	516.8
2227	516.8
2228	516.8
2229	517.7777778
2230	518.7555556
2231	519.7333333
2232	520.7111111
2233	521.6888889
2234	522.6666667
2235	523.6444444
2236	524.6222222
2237	525.6
2238	525.6
2239	525.6
2240	541.15
2241	556.7
2242	556.7
2243	569.3
2244	569.6
2245	542.8
2246	567.7
2247	602.9
2248	591.3
2249	591.3
2250	591.3
2251	596.4333333
2252	601.5666667
2253	606.7
2254	606.7
2255	600.35
2256	594
2257	587.65
2258	581.3
2259	581.6
2260	581.7
2261	582.6
2262	584.6
2263	580.8
2264	584
2265	584.1
2266	584.1
2267	586.2
2268	588.3
2269	588.3
2270	601
2271	601
2272	606.3
2273	606.4
2274	606.4
2275	593.2
2276	593.3
2277	602.8
2278	603
2279	603.1
2280	592.8
2281	592.5
2282	586.4
2283	589.4
2284	593.2
2285	588.7
2286	589.6
2287	579.2
2288	579.1
2289	575.7
2290	579.3
2291	587.9
2292	591.1333333
2293	594.3666667
2294	597.6
2295	597.6
2296	597.1571429
2297	596.7142857
2298	596.2714286
2299	595.8285714
2300	595.3857143
2301	594.9428571
2302	594.5
2303	594.5
2304	593
2305	592.9
2306	594.05
2307	595.2
2308	595.2
2309	595.2
2310	594.3
2311	595.9
2312	596.8
2313	591.6
2314	591.6
2315	591.6
2316	593.5
2317	593.5
2318	593.6
2319	593.7
2320	593.8
2321	593.9
2322	594
2323	594
2324	593.3
2325	592.6
2326	591.9
2327	591.2
2328	591.2
2329	590.4666667
2330	589.7333333
2331	589
2332	589
2333	589
2334	591.55
2335	594.1
2336	594.1
2337	594.1
2338	589.2
2339	589.2
2340	587.7
2341	587.6
2342	580.2
2343	580.2
2344	597.1
2345	597.3
2346	598.1
2347	591.6
2348	590.9
2349	590.9
2350	588.4333333
2351	585.9666667
2352	583.5
2353	583.5
2354	584.45
2355	585.4
2356	587.2
2357	590.3
2358	590.3
2359	590.3
2360	596.8
2361	598.6
2362	601.1
2363	601.1
2364	604.5
2365	602.6
2366	600.9
2367	599.8
2368	598.7
2369	597.6
2370	598.8
2371	598.9
2372	598.7
2373	591.8
2374	588
2375	577.8
2376	577.8
2377	574.6
2378	576.4
2379	583.5
2380	578.8
2381	578.8
2382	587.4
2383	587.4
2384	581.9
2385	584.7
2386	587.6
2387	582.25
2388	576.9
2389	574.6
2390	565.8
2391	596.2
2392	605.1
2393	596.8
2394	597
2395	600.9
2396	598
2397	596.6
2398	594.9
2399	593.4
2400	597.6
2401	598.8
2402	600
2403	601.2
2404	598.6
2405	600.6
2406	604.8
2407	599.3
2408	601.5
2409	603.9
2410	606.8
2411	618.2
2412	618.2
2413	616.2
2414	614.2
2415	614.2
2416	601.9
2417	602.3
2418	608.9
2419	608.4
2420	600
2421	600.2
2422	600.7
2423	607.6
2424	603.4
2425	590.8
2426	587.4
2427	588.7
2428	588.7
2429	588.9
2430	589.1
2431	589.1
2432	595
2433	595
2434	595
2435	588.8
2436	588.9
2437	605.6
2438	618.1
2439	613.3
2440	605.9
2441	604.2
2442	606.9
2443	604.6
2444	597.9
2445	596
2446	611
2447	611
2448	611
2449	609.3
2450	609.3
2451	595.8
2452	594.7
2453	593.7
2454	603.6
2455	600.3
2456	557.5
2457	557.5
2458	561.4
2459	561.4
2460	566.6
2461	571.8
2462	571.8
2463	572.8
2464	573.3
2465	573.9
2466	573.9
2467	570.1
2468	570.1
2469	570.1
2470	568.2
2471	568.2
2472	565.7
2473	570.6
2474	580.4
2475	585.1
2476	585.1
2477	568
2478	570.7
2479	572.3
2480	572.1
2481	572.1
2482	571.1
2483	569
2484	573.3
2485	582.8
2486	590.6
2487	588.4
2488	588.4
2489	586.6
2490	586.6
2491	586.7
2492	586.7
2493	587.4
2494	587.8
2495	590.5
2496	592.5
2497	594.5
2498	591.9
2499	584.2
2500	576.7
2501	574.5
2502	582.8
2503	582.1
2504	577.5
2505	589.8
2506	607
2507	589.4
2508	627.1
2509	627.1
2510	621.2
2511	620.6
2512	602.8
2513	602.5
2514	596.7
2515	596.7
2516	575.3
2517	575.3
2518	573.2
2519	569.1
2520	567.3
2521	567.5
2522	557.3
2523	557.3
2524	559.2
2525	559.4
2526	566.1
2527	565.3
2528	564.5
2529	574
2530	574.9
2531	575
2532	569.8
2533	569.8
2534	568.8
2535	564.9
2536	565.4
2537	565.5
2538	565.5
2539	565.5
2540	566.7
2541	566.8
2542	577.4
2543	576.6
2544	575.8
2545	576.3
2546	582.3
2547	582.3
2548	577.5
2549	572.7
2550	572.7
2551	572.7
2552	571.8
2553	570.9
2554	570
2555	569.1
2556	568.2
2557	566.9
2558	611.1
2559	611.1
2560	610.4
2561	603
2562	595.6
2563	595.6
2564	595.6
2565	595.3
2566	595.3
2567	588.7
2568	589.1
2569	588.5
2570	582
2571	577.5
2572	573.2
2573	568.5
2574	567
2575	565.3
2576	565.3
2577	567.1
2578	567.1
2579	562.3
2580	560.8
2581	556.6
2582	554.4
2583	557.3
2584	558.2
2585	563.1
2586	561.5
2587	559.9
2588	559.4
2589	559.4
2590	556.2
2591	560.1
2592	603
2593	617.8
2594	616.7
2595	617.4
2596	618.2
2597	617.1
2598	617.2
2599	623.2
2600	572.4
2601	563.9
2602	568.6
2603	562.4
2604	561.5
2605	568.3
2606	568.3
2607	568.175
2608	568.05
2609	567.925
2610	567.8
2611	567.8
2612	569.3
2613	570.8
2614	575.5
2615	573.6
2616	573.7333333
2617	573.8666667
2618	574
2619	574.5
2620	574.7
2621	574
2622	574
2623	577.9
2624	581.8
2625	581.4
2626	575.5
2627	574.7
2628	573.8
2629	573.8
2630	558.6
2631	558.7
2632	562.4
2633	570.1
2634	571.3
2635	576.3
2636	576.3
2637	571.3
2638	568.4
2639	565
2640	564
2641	556.7
2642	553.1
2643	553
2644	558.5
2645	568.3
2646	568.35
2647	568.4
2648	568.5
2649	562.8
2650	562.6
2651	562.6
2652	581.2
2653	581.5
2654	581.6
2655	581.6
2656	584.2
2657	587
2658	583.7
2659	582.7
2660	586.3
2661	589.9
2662	589.9
2663	589.9
2664	586.2
2665	586.2
2666	586.55
2667	586.9
2668	587.25
2669	587.6
2670	587.6
2671	587.6
2672	589.6
2673	591.6
2674	591.6
2675	591.9
2676	592.2
2677	592.5
2678	592.8
2679	592.8
2680	591.4666667
2681	590.1333333
2682	588.8
2683	586.8
2684	581
2685	584.6
2686	581.3
2687	578.2
2688	583.9
2689	583.1
2690	581.2
2691	586.1
2692	587.8
2693	576.6
2694	576.7
2695	578.1
2696	577.9
2697	579.1
2698	584
2699	586.6
2700	579.8
2701	578.1
2702	577.6
2703	577.9
2704	580.1
2705	575.4
2706	575
2707	570.8
2708	576.5
2709	576.8
2710	571.1
2711	574.9
2712	585.1
2713	591.2
2714	593.6
2715	579.4
2716	579.1
2717	567.7
2718	567.7
2719	579
2720	581.5
2721	574.6
2722	574.6
2723	575.4
2724	574.7
2725	572.9
2726	575.9
2727	576
2728	570.4
2729	569.6
2730	566.3
2731	563
2732	563
2733	563.75
2734	564.5
2735	564.5
2736	555.8
2737	557
2738	559.8
2739	557.1
2740	557.1
2741	553.1
2742	549.1
2743	545.2
2744	537.9
2745	534.8
2746	533.3
2747	541.1
2748	536
2749	532.7
2750	536
2751	536.1
2752	537.2
2753	532.4
2754	526.6
2755	540.2
2756	540.9
2757	540.6
2758	540.6
2759	538.6
2760	538.6
2761	543.8
2762	544.6
2763	543.5
2764	547.3
2765	551.3
2766	552.7
2767	557.3
2768	554.4
2769	553.8
2770	546.25
2771	538.7
2772	538.7
2773	543.4
2774	544.3
2775	541.9
2776	541.9
2777	544.5
2778	550.7
2779	550.7
2780	550.6
2781	542.7
2782	542.6
2783	563.6
2784	563.6
2785	562.5
2786	561.9
2787	559.7
2788	559.7
2789	554.1
2790	554.1
2791	555.3
2792	554.5
2793	552.5
2794	553.8
2795	553.8
2796	548.65
2797	543.5
2798	538.35
2799	533.2
2800	537.6
2801	548.2
2802	534.5
2803	533.1
2804	533.6
2805	533.6
2806	526.1
2807	535.5
2808	538.3
2809	534.4
2810	534.4
2811	530.2
2812	530.2
2813	540
2814	540.8
2815	544
2816	568.2
2817	574.1
2818	568.5
2819	557.2
2820	557.2
2821	555.3
2822	556.7
2823	554.7
2824	554.7
2825	555.8
2826	556.1
2827	556.3
2828	558.9
2829	558.9
2830	562
2831	556.1
2832	551.4
2833	551.1
2834	552.9
2835	553
2836	559.3
2837	559.3
2838	553.2
2839	548.8
2840	544.4
2841	549.9
2842	547
2843	546.9
2844	547.7
2845	547.7
2846	546.2
2847	551.2
2848	555
2849	555
2850	565.4
2851	565.4
2852	566.6
2853	567.3
2854	570.9
2855	570.9
2856	571.8111111
2857	572.7222222
2858	573.6333333
2859	574.5444444
2860	575.4555556
2861	576.3666667
2862	577.2777778
2863	578.1888889
2864	579.1
2865	579.1
2866	578.1
2867	572.4
2868	567.2
2869	556.9
2870	556.8
2871	559.9
2872	563
2873	563
2874	562.1
2875	562.1
2876	569.4
2877	569.4
2878	567.8
2879	567.8
2880	573.775
2881	579.75
2882	585.725
2883	591.7
2884	591.7
2885	601.1
2886	599.8
2887	591.6
2888	591.6
2889	596.6
2890	596.6
2891	586.1
2892	589.8
2893	602.4
2894	616.3
2895	615.1
2896	614.8
2897	613.2
2898	609.6
2899	609.3
2900	602.75
2901	596.2
2902	600.2
2903	604
2904	605.3
2905	605.3
2906	602.9
2907	602.3
2908	599
2909	595.3
2910	594.9
2911	598.3
2912	598.3
2913	590.5
2914	584.8
2915	581.5
2916	580.1
2917	580.2
2918	580.3
2919	580.3
2920	584.15
2921	588
2922	588
2923	581.2
2924	581.8
2925	585.2
2926	579.5
2927	578.5
2928	580.1
2929	582.3
2930	588.4
2931	579.6
2932	582.5
2933	593.8
2934	577.9
2935	577.9
2936	580.1
2937	580.6
2938	573.1
2939	572.4
2940	570.7
2941	571.4
2942	571.9
2943	574.2
2944	575.7
2945	571.6
2946	568.7
2947	563.9
2948	570.7
2949	570.7
2950	572.3
2951	572.7
2952	573.1
2953	573.1
2954	573.1
2955	567.3666667
2956	561.6333333
2957	555.9
2958	558.8
2959	560.2
2960	557.45
2961	554.7
2962	554.7
2963	554.7
2964	559.8
2965	564.9
2966	582.1
2967	593.7
2968	577
2969	589.9
2970	580.6
2971	573.6
2972	585
2973	577.9
2974	576
2975	584.8
2976	584.8
2977	586.7
2978	588.6
2979	590.5
2980	592.4
2981	603.8
2982	610.5
2983	593.1
2984	593.1
2985	570.1
2986	572.3
2987	573.5
2988	579.6
2989	579.6
2990	582.7
2991	575.4
2992	590.1
2993	590
2994	589.7
2995	588.5
2996	585.9
2997	600.9
2998	581.3
2999	581.2
3000	586.5
3001	592.9
3002	595.9
3003	592
3004	588.1
3005	584.2
3006	584.1
3007	583.4
3008	584.1
3009	575.9
3010	575.9
3011	575.9
3012	585.8
3013	586
3014	584.2
3015	584.2
3016	587.7
3017	588.4
3018	594.6
3019	582.4
3020	576.5
3021	576.5
3022	576.5
3023	576.5
3024	576.5
3025	571.8
3026	572.4
3027	573.4
3028	580.1
3029	590.4
3030	580.3
3031	580.3
3032	639.5
3033	633.1
3034	579.1
3035	596.8
3036	599.5
3037	597.1
3038	603
3039	606.7
3040	606.2
3041	605.7
3042	605.3
3043	604.1
3044	599
3045	594.5
3046	595.2
3047	595.7
3048	593.8
3049	594
3050	602.7
3051	602.7
3052	602.4
3053	602.4
3054	602.15
3055	601.9
3056	601.9
3057	590.5
3058	598.4
3059	596.2
3060	586.1
3061	605.9
3062	606.3
3063	614.4333333
3064	622.5666667
3065	630.7
3066	641.5
3067	693.4
3068	695.9
3069	695.9
3070	682.5
3071	669.1
3072	669.1
3073	669.1
3074	687.2
3075	705.3
3076	705.3
3077	690.24
3078	675.18
3079	660.12
3080	645.06
3081	630
3082	612.8
3083	590.5
3084	589.3
3085	588.1
3086	586.9
3087	592.6
3088	588
3089	586.9
3090	584.4
3091	581.9
3092	581.9
3093	579.8
3094	585.8
3095	589.8
3096	580.75
3097	571.7
3098	573.8
3099	577.7
3100	583.8
3101	583.8
3102	581.2
3103	581.2
3104	577.5
3105	577.5
3106	573.6
3107	569.7
3108	565.8
3109	565.8
3110	566.0882353
3111	566.3764706
3112	566.6647059
3113	566.9529412
3114	567.2411765
3115	567.5294118
3116	567.8176471
3117	568.1058824
3118	568.3941176
3119	568.6823529
3120	568.9705882
3121	569.2588235
3122	569.5470588
3123	569.8352941
3124	570.1235294
3125	570.4117647
3126	570.7
3127	570.7
3128	569.4571429
3129	568.2142857
3130	566.9714286
3131	565.7285714
3132	564.4857143
3133	563.2428571
3134	562
3135	562
3136	562
3137	559.8
3138	557.6
3139	557.6
3140	555.8
3141	555.5
3142	558.4285714
3143	561.3571429
3144	564.2857143
3145	567.2142857
3146	570.1428571
3147	573.0714286
3148	576
3149	573.2
3150	561.6
3151	564.4
3152	569.3
3153	585.6
3154	601.7
3155	601.5
3156	603.1
3157	603.1
3158	602.425
3159	601.75
3160	601.075
3161	600.4
3162	600.4
3163	580.7
3164	584.3
3165	589.5
3166	583.3
3167	577.1
3168	585
3169	586.7
3170	583.5
3171	605
3172	625
3173	614.9
3174	608
3175	602.6
3176	599.6
3177	591.8
3178	591.8
3179	592.02
3180	592.24
3181	592.46
3182	592.68
3183	592.9
3184	592.9
3185	592.9
3186	591.9
3187	590.9
3188	590.9
3189	590.9
3190	598.2
3191	597.1
3192	576.8
3193	576.8
3194	579.9
3195	583
3196	583
3197	584.7
3198	584.7
3199	614.4
3200	614.4
3201	603.7
3202	603.7
3203	597.5
3204	597.5
3205	583.3
3206	589.6
3207	584.3
3208	577.1
3209	577.1
3210	571.3
3211	571.3
3212	570.15
3213	569
3214	567.85
3215	566.7
3216	566.7
3217	567.1666667
3218	567.6333333
3219	568.1
3220	568.5666667
3221	569.0333333
3222	569.5
3223	570.6
3224	571
3225	564.9
3226	576.7
3227	578.1
3228	575.6
3229	573.1
3230	570.6
3231	568.1
3232	565.6
3233	565.6
3234	566
3235	565.7
3236	566.4666667
3237	567.2333333
3238	568
3239	566.8
3240	561.8
3241	561.8
3242	558.7666667
3243	555.7333333
3244	552.7
3245	552.7
3246	593.5
3247	593.8
3248	596.4
3249	580.6
3250	572.4
3251	561.3
3252	561.3
3253	561.3
3254	580.1
3255	578.7
3256	577
3257	571.2
3258	571.2
3259	570.1
3260	568.2
3261	566.6
3262	568.0875
3263	569.575
3264	571.0625
3265	572.55
3266	574.0375
3267	575.525
3268	577.0125
3269	578.5
3270	578.5
3271	580.6
3272	581
3273	576.8333333
3274	572.6666667
3275	568.5
3276	566.7
3277	565.6
3278	564.6
3279	564.6
3280	574.2
3281	583.8
3282	593.4
3283	603
3284	603
3285	573
3286	572.8
3287	575.8
3288	575.9
3289	574.5
3290	574.4
3291	579.2
3292	584
3293	588.8
3294	588.8
3295	580
3296	579.9
3297	579.9
3298	579.9666667
3299	580.0333333
3300	580.1
3301	580.1666667
3302	580.2333333
3303	580.3
3304	582.8
3305	595.7
3306	595.9
3307	582.3
3308	582.3
3309	575
3310	574
3311	561.6
3312	561.5
3313	570.8
3314	575.9
3315	579.2
3316	572.8
3317	572.8
3318	575.2
3319	575.7
3320	567.3
3321	567.3
3322	565.3
3323	564.5
3324	563.5
3325	562.1
3326	561.7
3327	563.5
3328	563.5
3329	563.1
3330	561.1
3331	558.9
3332	560.6666667
3333	562.4333333
3334	564.2
3335	564.2
3336	562.1
3337	562.1
3338	558.45
3339	554.8
3340	554.8
3341	552.75
3342	550.7
3343	550.7
3344	550.7
3345	553.15
3346	555.6
3347	558.05
3348	560.5
3349	562.95
3350	565.4
3351	559.7
3352	553.9
3353	554.9
3354	553.6
3355	553.6
3356	553.6
3357	551.65
3358	549.7
3359	549.9
3360	550
3361	547.4
3362	547.4
3363	547.4
3364	545.8
3365	545.8
3366	544.95
3367	544.1
3368	544.1
3369	545.9
3370	548.6
3371	545.7
3372	545.3
3373	548.3
3374	549.7
3375	550.3
3376	544.4
3377	544.9
3378	547.2
3379	547.2
3380	566.55
3381	585.9
3382	585.9
3383	585.9
3384	569.8
3385	569.8
3386	578.4
3387	578.4
3388	578.85
3389	579.3
3390	579.3
3391	574
3392	571.9
3393	571.9
3394	566.4
3395	560.9
3396	559
3397	550.1
3398	548.2
3399	558.7333333
3400	569.2666667
3401	579.8
3402	575.6
3403	563.1
3404	574.9
3405	574.7
3406	574.4
3407	577.6
3408	581.4
3409	568.2
3410	549
3411	549
3412	552.1
3413	555.2
3414	555.2
3415	556
3416	556
3417	557.9333333
3418	559.8666667
3419	561.8
3420	561.8
3421	559.4
3422	557.3
3423	550.7
3424	546.6
3425	546.6
3426	546.6
3427	557
3428	556.1
3429	548.1
3430	549.5
3431	549.5
3432	549.4
3433	549.3
3434	549.2
3435	549.1
3436	549.1
3437	549.1
3438	548.8
3439	548.9
3440	549.8
3441	550.3
3442	551.1
3443	552
3444	548.2
3445	544.4
3446	544.4
3447	540.8
3448	541
3449	541.5
3450	541.35
3451	541.2
3452	540.3
3453	540.6
3454	545.2
3455	544.2
3456	539.6
3457	541.5
3458	547.6
3459	538.6
3460	549.6
3461	556.4
3462	549.2
3463	542
3464	534.8
3465	534.8
3466	534.8
3467	534.9
3468	534.9
3469	534.9
3470	534.9
3471	533.8
3472	532.7
3473	533.6
3474	537.8
3475	536.2
3476	536.4
3477	536
3478	550.2
3479	552.8
3480	545.4
3481	539.8
3482	545.8
3483	537.2
3484	535.2
3485	535.4
3486	543.9
3487	552.4
3488	539.8
3489	539.8
3490	554.8
3491	554.8
3492	552.5
3493	550.2
3494	547.9
3495	545.6
3496	543.3
3497	543.3
3498	543.3
3499	543.6
3500	544.9
3501	546.9
3502	541.1
3503	541.1
3504	543.2
3505	544.2
3506	539.85
3507	535.5
3508	535.8
3509	546.1
3510	545.1
3511	548.1333333
3512	551.1666667
3513	554.2
3514	554.2
3515	554
3516	549.8
3517	542.8
3518	546.8
3519	546.8
3520	549.35
3521	551.9
3522	554.45
3523	557
3524	557
3525	549.5
3526	550.6
3527	554.1
3528	553.9
3529	536.1
3530	533
3531	532.625
3532	532.25
3533	531.875
3534	531.5
3535	533.4
3536	583.6
3537	533.6
3538	531.6
3539	539.6
3540	536.7
3541	535.8
3542	530.1
3543	530.1
3544	536.95
3545	543.8
3546	540.3
3547	530.4
3548	538
3549	545.6
3550	546.2
3551	550.9
3552	552.5
3553	542.3
3554	542.3
3555	545.4
3556	550.2
3557	556.2
3558	558.5
3559	560.2
3560	560.2
3561	556.3
3562	556.3
3563	550.6
3564	551.8
3565	554.5
3566	547.2
3567	549.8
3568	557.5
3569	559.1
3570	556.4333333
3571	553.7666667
3572	551.1
3573	551.1
3574	551.1
3575	546.2
3576	541.3
3577	544.4
3578	549.9
3579	552.2
3580	552.2
3581	553.5
3582	554.8
3583	554.8
3584	553.85
3585	552.9
3586	551.95
3587	551
3588	551
3589	550.52
3590	550.04
3591	549.56
3592	549.08
3593	548.6
3594	548.6
3595	552.4
3596	552.4
3597	551.2
3598	550
3599	547.2
3600	546.8
3601	547.2333333
3602	547.6666667
3603	548.1
3604	549.6
3605	553.7
3606	549.2
3607	553.8
3608	551.1
3609	545.1
3610	555
3611	557
3612	549.9
3613	549.9
3614	549.8
3615	552.6
3616	552.6
3617	552.6
3618	552.6
3619	552.6
3620	552.6
3621	551.8
3622	551
3623	551
3624	551.5666667
3625	552.1333333
3626	552.7
3627	552.7
3628	552.6
3629	552.5
3630	552.4
3631	552.3
3632	552.2
3633	552.2
3634	552
3635	552
3636	552
3637	553.1
3638	554.8
3639	550.3
3640	558.6
3641	559.7
3642	563.1
3643	563.1
3644	556.35
3645	549.6
3646	549.6
3647	549.6
3648	549.25
3649	548.9
3650	547.9
3651	542.5
3652	547.3
3653	547.4
3654	545.7
3655	552.2
3656	557.1
3657	550.8
3658	550.8
3659	557.9
3660	557.9
3661	559.6
3662	559.6
3663	553.3
3664	553.2
3665	553.7
3666	554.2
3667	554
3668	553.3
3669	555.8
3670	555.9
3671	560.4
3672	572.9
3673	583.1
3674	578.2571429
3675	573.4142857
3676	568.5714286
3677	563.7285714
3678	558.8857143
3679	554.0428571
3680	549.2
3681	549.2
3682	553.8
3683	558.4
3684	554.1
3685	559.3
3686	564.5
3687	564.5
3688	575.25
3689	586
3690	606.1
3691	681.4
3692	686
3693	630.1
3694	627.5
3695	572.6
3696	701.8
3697	701.8
3698	697.7
3699	693.6
3700	689.5
3701	685.4
3702	681.3
3703	681.3
3704	692.4
3705	692.3
3706	669.4
3707	681.4
3708	686.05
3709	690.7
3710	690.7
3711	698.9666667
3712	707.2333333
3713	715.5
3714	715.5
3715	715.5
3716	725.25
3717	735
3718	735
3719	732.1
3720	699.6
3721	719.3
3722	715.65
3723	712
3724	712
3725	694.7
3726	695.6
3727	736.6
3728	703.9
3729	699
3730	716.6
3731	716.3
3732	715.1
3733	715.4
3734	714.5333333
3735	713.6666667
3736	712.8
3737	712.8
3738	752.8
3739	754.8
3740	788.9
3741	792.9
3742	775.46
3743	758.02
3744	740.58
3745	723.14
3746	705.7
3747	705.7
3748	705.7
3749	754.7
3750	755.3
3751	758.3
3752	758.3
3753	748.6
3754	748.6
3755	708.5
3756	708.2
3757	687.5
3758	709.5
3759	709.8
3760	741.2
3761	741.2
3762	728.8
3763	728.8
3764	739.1
3765	734.4
3766	769.5
3767	750.1
3768	720.3
3769	714.4
3770	724.7
3771	724.7
3772	732.5
3773	732.5
3774	725.3
3775	718.1
3776	703.7
3777	693.3
3778	699.8
3779	706.3
3780	712.8
3781	709.2
3782	693.7
3783	701.7
3784	702.5
3785	699.2
3786	695.85
3787	692.5
3788	692.5
3789	684.8
3790	698.8
3791	708.5
3792	707.2
3793	705.9
3794	705.9
3795	709.4
3796	712.9
3797	712
3798	703.3
3799	690.9
3800	690.3
3801	699.3
3802	703.2
3803	703.7
3804	703.7
3805	702.4
3806	699.7
3807	697.8
3808	687.8
3809	690.2
3810	709.3
3811	698.1
3812	678.8
3813	704.1
3814	713.6
3815	690.2
3816	675
3817	703.1
3818	703.1
3819	700.2
3820	700.8
3821	717
3822	715.5
3823	712.6
3824	716.6
3825	716.6
3826	689.2
3827	692.5
3828	705.9
3829	705.8
3830	704.7
3831	704.7
3832	707.2
3833	706
3834	704.4
3835	707
3836	707.1
3837	704.4
3838	705.9
3839	708.2
3840	714.5
3841	714.5
3842	714.5
3843	711.4
3844	716.9
3845	722.2
3846	703.8
3847	704.7
3848	708.4
3849	707.7
3850	712.9
3851	706.5
3852	709.6
3853	716.9
3854	713.8
3855	714.4
3856	716.3
3857	693.3
3858	698
3859	697.6
3860	689.3
3861	691.1
3862	696.5
3863	701.3
3864	702.2
3865	702.6
3866	702.6
3867	708
3868	704.6
3869	700.8
3870	708.3
3871	708.3
3872	708.3
3873	708.3
3874	713.9
3875	713.9
3876	734.2
3877	734.2
3878	713
3879	691.8
3880	699.8
3881	709.5
3882	691.3
3883	691.3
3884	704.1
3885	713.4
3886	700.7
3887	695.5
3888	703.8
3889	703.8
3890	673.8
3891	677.4
3892	693.1
3893	706.4
3894	681.7
3895	681.7
3896	722.4
3897	722.4
3898	709.4
3899	696.4
3900	693.3
3901	684.6
3902	678.8
3903	673.8
3904	673.8
3905	670.5
3906	671.6
3907	673.8
3908	678.9
3909	678.9
3910	681
3911	688.7
3912	697.7
3913	710.6
3914	710.6
3915	702.2
3916	698.9
3917	691.9
3918	692
3919	693.9
3920	693.9
3921	693.2
3922	693.2
3923	693.2
3924	696.4
3925	696.1
3926	690.5
3927	690.5
3928	688.75
3929	687
3930	687
3931	681.2
3932	681.2
3933	685.5
3934	686.4
3935	686.5
3936	686.5
3937	686.02
3938	685.54
3939	685.06
3940	684.58
3941	684.1
3942	681.1
3943	677.6
3944	707.5
3945	707.5
3946	708.35
3947	709.2
3948	716.3
3949	723
3950	722.6
3951	722.6
3952	707.3
3953	692
3954	676.7
3955	672.5
3956	665.5
3957	693.5
3958	690.1
3959	687.8
3960	687.8
3961	687
3962	687.3
3963	690.1
3964	690.1
3965	681.8
3966	683.2
3967	687.6
3968	681.5
3969	668.4
3970	673.7
3971	680
3972	680
3973	689.4
3974	689.4
3975	697.05
3976	704.7
3977	712.35
3978	720
3979	720
3980	706.6
3981	704.3
3982	699.6
3983	699.6
3984	692
3985	679.2
3986	679.2
3987	678.72
3988	678.24
3989	677.76
3990	677.28
3991	676.8
3992	676
3993	671
3994	670.4
3995	677.1
3996	677.1
3997	698
3998	696.4
3999	696
4000	676.5
4001	679.1
4002	677.5
4003	654.8
4004	654.8
4005	651.4
4006	654.6
4007	659.2
4008	662.1
4009	657.4
4010	656.6
4011	658.2
4012	659.8
4013	659.8
4014	653.1
4015	651.9
4016	656.4
4017	661.1
4018	663.5
4019	661.1
4020	661.3
4021	661.2
4022	660.9
4023	664.9
4024	665.1
4025	662.1
4026	662.6
4027	664.7
4028	665.2
4029	664
4030	664
4031	664.3
4032	666.5
4033	662.5
4034	661.7
4035	661
4036	660.5
4037	660.1
4038	660.1
4039	662.8
4040	661.6
4041	660
4042	663.8
4043	663.8
4044	657.8
4045	657.9
4046	659.1
4047	659.1
4048	661.8
4049	661.8
4050	660.3
4051	660.3
4052	653.8
4053	653.8
4054	653.5
4055	652.6
4056	654.3
4057	655.5
4058	656.5
4059	655.4
4060	654.6
4061	654.4
4062	654.4
4063	651.7
4064	651.7
4065	648.2
4066	649.7
4067	651.9
4068	650.9
4069	650.1
4070	648
4071	646
4072	646.5
4073	646.6
4074	644
4075	644
4076	647.4
4077	647.4
4078	645.8
4079	641.3
4080	645.5
4081	651.6
4082	645.2
4083	655.8
4084	659.4
4085	647.7
4086	647.7
4087	647.7
4088	651.3
4089	651.3
4090	644.7
4091	644.6
4092	642.5
4093	650.9
4094	652.7
4095	649.6
4096	649.6
4097	649.35
4098	649.1
4099	649.1
4100	647.8
4101	645.3
4102	647.4
4103	647.4
4104	647.2
4105	643.6
4106	643
4107	642.6
4108	633.7
4109	633.1
4110	631.8
4111	627.3
4112	627.3
4113	636.4
4114	645.5
4115	645.5
4116	642.4
4117	642.4
4118	642.1
4119	642.1
4120	640.7
4121	640.7
4122	642.8
4123	642.8
4124	642.7
4125	642.7
4126	642.6
4127	636.4
4128	636.4
4129	649.5
4130	649.5
4131	651.5
4132	653.5
4133	653.5
4134	652.5
4135	652.5
4136	645.9
4137	644.5
4138	667.4
4139	662.4
4140	640.7
4141	640.4
4142	640.4
4143	623.9
4144	624.6
4145	628.8
4146	625.4
4147	625.2
4148	628.9
4149	629.1
4150	631.4
4151	633.7
4152	634
4153	637.5
4154	637.5
4155	639
4156	640.5
4157	640.5
4158	637.6666667
4159	634.8333333
4160	632
4161	643.3
4162	642.7
4163	636.2
4164	637.4
4165	632
4166	628.1333333
4167	624.2666667
4168	620.4
4169	619.7
4170	623.3
4171	628.5
4172	626.8
4173	626.9
4174	626.9
4175	628.2
4176	629.5
4177	630.8
4178	632.1
4179	633.4
4180	634.7
4181	636
4182	637.3
4183	638.6
4184	639.9
4185	641.2
4186	642.5
4187	643.8
4188	645.1
4189	646.4
4190	647.7
4191	649
4192	650.3
4193	650.3
4194	650.3
4195	650.2
4196	650
4197	645
4198	645
4199	645
4200	629.9
4201	629.9
4202	629.9
4203	629.2333333
4204	628.5666667
4205	627.9
4206	626.1
4207	624.8
4208	632
4209	632
4210	631.9
4211	631.8
4212	631.7
4213	631.7
4214	640.3
4215	642.2
4216	642.2
4217	632.9
4218	632.4
4219	628.4
4220	626.1
4221	623.7
4222	623.8
4223	621.59
4224	619.38
4225	617.17
4226	614.96
4227	612.75
4228	610.54
4229	608.33
4230	606.12
4231	603.91
4232	601.7
4233	601.7
4234	601.7
4235	612.7
4236	610.1
4237	604.9
4238	605.4333333
4239	605.9666667
4240	606.5
4241	606.4
4242	603
4243	595.4
4244	596.5
4245	592.2
4246	587.9
4247	590.6
4248	594.3
4249	590.4
4250	590.4
4251	590.4
4252	589.58
4253	588.76
4254	587.94
4255	587.12
4256	586.3
4257	586.3
4258	587.5
4259	587.7
4260	586.8
4261	586.9
4262	587.5
4263	587.2
4264	587.2
4265	587.9
4266	587.9
4267	587.6
4268	587.6
4269	587.6
4270	588
4271	588.2
4272	582.2
4273	582.2
4274	582.3
4275	587.2
4276	587.2
4277	593.1
4278	591
4279	590
4280	587.4
4281	587.4
4282	588.6
4283	589.4
4284	591.6
4285	591.6
4286	590
4287	590
4288	590
4289	590.12
4290	590.24
4291	590.36
4292	590.48
4293	590.6
4294	591.4
4295	597.3
4296	602.1
4297	598.5
4298	594.9
4299	591.3
4300	587.7
4301	587.7
4302	587.7
4303	586.9
4304	586.9
4305	586.9
4306	586.9
4307	587.8384615
4308	588.7769231
4309	589.7153846
4310	590.6538462
4311	591.5923077
4312	592.5307692
4313	593.4692308
4314	594.4076923
4315	595.3461538
4316	596.2846154
4317	597.2230769
4318	598.1615385
4319	599.1
4320	599.1
