1	631.8
2	631.6
3	633.6
4	633.5
5	626.6
6	629.5
7	618.9
8	633.7
9	634.9
10	633.6
11	632.4
12	631.8
13	632.8
14	634.1
15	629.7
16	632.8
17	635.5
18	635.8
19	634.4
20	635.6
21	634.2
22	634.9
23	635.8
24	636.8
25	636.4
26	636
27	635.6
28	635.2
29	634.8
30	634.8
31	629
32	623.2
33	623.2
34	635.9
35	625.6
36	621.1
37	622.5
38	634
39	634
40	619.3
41	619.3
42	618.4
43	618.4
44	618.4
45	622.4
46	618.2
47	615.8
48	629.8
49	623.6
50	623.6
51	624.2
52	623.2
53	620.1
54	622.3
55	620.7
56	619.7
57	618.9
58	618.9
59	617.2
60	617.2
61	618.6
62	620.3
63	620.5
64	619.6
65	621.7
66	621.5
67	621.4
68	622.4
69	625.5
70	628.4
71	629.3
72	627.2
73	631.4
74	631.4
75	634.35
76	637.3
77	637.3
78	638.0666667
79	638.8333333
80	639.6
81	639.6
82	639.8
83	639.7
84	636.7
85	636.3
86	636.9
87	637.8
88	637.8
89	638.9
90	640.8
91	643
92	644.3
93	643.5
94	641.5
95	643.4
96	640.6
97	640.6
98	640.9
99	641.6
100	640.4
101	635.1
102	634.8
103	634
104	632.3
105	631.7
106	628.7
107	628.3
108	626.2
109	631.3
110	631.4
111	628.6
112	628.1
113	627.8
114	628.5
115	633.2
116	628.7
117	624.2
118	623.8
119	621.8
120	623.6
121	609
122	606.7
123	605.3
124	604.8
125	607.2
126	612.4
127	612.4
128	611.9
129	611
130	616.6
131	614.6
132	614.4
133	612.8
134	611.2
135	608.3
136	608.8
137	604.8
138	601.8
139	597.8
140	596.4
141	594.8
142	593.2
143	594.2
144	596.3
145	595.5
146	592.2
147	593.9
148	594
149	592.8
150	592
151	592
152	593.4
153	593.2
154	595
155	597.7
156	599.5
157	606.9
158	607.9
159	593.4
160	588.9
161	588.15
162	587.4
163	586.65
164	585.9
165	592.2
166	594.525
167	596.85
168	599.175
169	601.5
170	601.5
171	597.1
172	597.1
173	592.2333333
174	587.3666667
175	582.5
176	582.5
177	581.6
178	581.6
179	583.4
180	583.4
181	582.4
182	582.4
183	580.5
184	580.5
185	583
186	583
187	586.5
188	590
189	595
190	600.3
191	602
192	603.7
193	603.7
194	600.8
195	600.8
196	599.3
197	597.8
198	597.8
199	599.8
200	599.8
201	599.15
202	598.5
203	598.5
204	594.4
205	590.3
206	578
207	580.45
208	582.9
209	581.7
210	579.4
211	577.1
212	584.8
213	591
214	581.7
215	593.4
216	595
217	583.5
218	593.9
219	582.8
220	590.3
221	592.9
222	576
223	586.3
224	590.7
225	584.4
226	581.5
227	581.5
228	579.2
229	598.9
230	595.7
231	588.6
232	585.5
233	585
234	586
235	581.6
236	583.3
237	583.4
238	582.6
239	581
240	581
241	584.6
242	590.6
243	593.5
244	595.6
245	594.7
246	591.125
247	587.55
248	583.975
249	580.4
250	590.1
251	591.4
252	591.1
253	589.6
254	589.6
255	589.6
256	580.4
257	577.6
258	584.4
259	579.2
260	580.9
261	582.2
262	581.8
263	591.5
264	603.2
265	598.3
266	597.8
267	599.9
268	596.4
269	596.4
270	592.9
271	592.9
272	586.9
273	590.4
274	588
275	585
276	583.7
277	582.9
278	577.4
279	576
280	593.3
281	597.4
282	580.7
283	581
284	573.2
285	573.1
286	571.4
287	578.7
288	589.6
289	591.1
290	601.7
291	601.3
292	601.3
293	607.2
294	606.1
295	599.8
296	594.5
297	594.5
298	594.4
299	594.4
300	587.5
301	587.5
302	587.4
303	573.1
304	575.6
305	576.6
306	578.1
307	580.9
308	579
309	579
310	577.1
311	577.2
312	575.2
313	573.2
314	573.2
315	563.8
316	572.6
317	587
318	583.5
319	585.6
320	589.6
321	590.8
322	587.5
323	587.4
324	587.4
325	580.5
326	580.5
327	578.5
328	578.2
329	578.9
330	578.9
331	573.6
332	577.7
333	579.6
334	574.9
335	572.7
336	570.9
337	567.6
338	568.2
339	580.2
340	578.5
341	583.5
342	587.4
343	587.7
344	581.5
345	580.6
346	576.5
347	575.4
348	576.7
349	578.1
350	579
351	579.9
352	579.7
353	580.2
354	575.8
355	575.5
356	582.9
357	581.6
358	581.6
359	579.5
360	579.5
361	577.35
362	575.2
363	577.1
364	577.55
365	578
366	572.7
367	572.4
368	569.3
369	568.9
370	568.5
371	569.7
372	569.6
373	568.5
374	574.5
375	569.7
376	563.8
377	568.6
378	569.7
379	570.6
380	566.3
381	566.4
382	566.7
383	567.4
384	568.6
385	570.2
386	568.2
387	566.4
388	565.9
389	574.4
390	571.8
391	568.1
392	569.1
393	573.5
394	574.2
395	576.7
396	581.4
397	577.8
398	574.2
399	570.6
400	573.9
401	573.5
402	577
403	579.9
404	579.9
405	579.9
406	579.9
407	579.9
408	579.8
409	579.7
410	579.7
411	579.7
412	557.9
413	557.9
414	562.45
415	567
416	567.1
417	567.2
418	568.5
419	573.7
420	572
421	561.4
422	580.3
423	575.7
424	577.6
425	577.6
426	570.5
427	570.5
428	573.7
429	576.9
430	576.1
431	567.1
432	569.8
433	560.9
434	560.9
435	558.7
436	558.7
437	567.4
438	566.4
439	562.8
440	567.2
441	565.85
442	564.5
443	564.5
444	561.5
445	561.1
446	561.1
447	561.1
448	560.1
449	560.5
450	572.3
451	571.3
452	570.3
453	572
454	573.7
455	568.2666667
456	562.8333333
457	557.4
458	560.2
459	557.6
460	555
461	559.3
462	553.9
463	555.8
464	558.2
465	553.1
466	553.9
467	555
468	552.8
469	550.6
470	551.8
471	552
472	552.7
473	553.8
474	551.5
475	551.6
476	553.2
477	552.1
478	552.1
479	556
480	554.2
481	553.8
482	554
483	553.5
484	553
485	550.5
486	552.4
487	557.3
488	558.5
489	554.9
490	553.1
491	552.8
492	553.1
493	553.1
494	553
495	553
496	553.3
497	553.3
498	560.8
499	556
500	562
501	561.9
502	561.9
503	559.2
504	559.2
505	558.5
506	557
507	556.9
508	558
509	558.2
510	558.7
511	558.5
512	558.4
513	559.3
514	556
515	556.4
516	553.6
517	554.9
518	555
519	553.9
520	554
521	554.2
522	552.2
523	555.8
524	554.95
525	554.1
526	554.2
527	554.4
528	554.4
529	552.5
530	553.4
531	550.7
532	553.5
533	552.5
534	552.5
535	549.7
536	549.7
537	549.8
538	550.5
539	550.1
540	551.2
541	550.3
542	551.4
543	550.7
544	550.1
545	550.1
546	550.3
547	550.3
548	549.1
549	550.3
550	548.7
551	550.6
552	549.1
553	549.6
554	549.4
555	546.1
556	547.8
557	548.1
558	549.2
559	548.5
560	548.6
561	546.9
562	548
563	549.8
564	547.7
565	548.6
566	545.8
567	544.5
568	546.5
569	545.5
570	544.6
571	545.6
572	546.2
573	545.5
574	545.3
575	545.4
576	545.4
577	544.4
578	544.6
579	548.2
580	545.9
581	545.6
582	549.7
583	547.1
584	548.1
585	547.9
586	548.5
587	548.9
588	549.3
589	549.7
590	548.9
591	548
592	549
593	547.9
594	547.4
595	547.4
596	547.9
597	548.9
598	549
599	547.4
600	547.5
601	548.5
602	548.5
603	552.3
604	552.3
605	549.3
606	547.5
607	550
608	549
609	548.8
610	550.125
611	551.45
612	552.775
613	554.1
614	554.1
615	554.5666667
616	555.0333333
617	555.5
618	555.5
619	555.6333333
620	555.7666667
621	555.9
622	555.9
623	555.25
624	554.6
625	554.6
626	554.7
627	554.8
628	554.8
629	552.95
630	551.1
631	551.2
632	554.7
633	554.7
634	552.1
635	552.1
636	550.9
637	550.9
638	551.2
639	551.2
640	551.2
641	550.2
642	550.2
643	549.8
644	549.6
645	550.5
646	549.8
647	550.9
648	549
649	546.8
650	545.6
651	544.2
652	546.3
653	546.2
654	544.6
655	544.5
656	545.9
657	547.5
658	547.4
659	549.1
660	550.7
661	550.9
662	546.1
663	546.1
664	548.2
665	548.2
666	546.1
667	546.1
668	548.5
669	550.1
670	550.0333333
671	549.9666667
672	549.9
673	549.4
674	548.8
675	548.8
676	550.3
677	547.4
678	548.3
679	550.6
680	548.1
681	548.6
682	548.6
683	545.6
684	542.6
685	542.6
686	544.9
687	547.2
688	544.4
689	543.5
690	543.7
691	546.3
692	546.1
693	551.2
694	553.4
695	545.6
696	544.2
697	544.8
698	546.3
699	545.6
700	545.4
701	545.8
702	548
703	545.9
704	548.4
705	547.5
706	547.5
707	545.4
708	545.4
709	544.1
710	544.1
711	545.3
712	545.3
713	545.4
714	545.4
715	543.85
716	542.3
717	543.1
718	542.2
719	541.7
720	544.6
721	544.1
722	542.9
723	543
724	543
725	540
726	543.6
727	544.1
728	540.5
729	550.3
730	547.8
731	543
732	540.9
733	546.2
734	545.4
735	537
736	538.7
737	542.5
738	541.2
739	542
740	545.6
741	538.2
742	537.8
743	534.7
744	537
745	538.5
746	538.6
747	539.4
748	539.4
749	538.8
750	538.2
751	539
752	535.6
753	535.5
754	534.8
755	538.7
756	535.9
757	535.4
758	534.5
759	537
760	535.7
761	533.9
762	532.1
763	533.2
764	534.3
765	533.7
766	533.7
767	534.2
768	534.2
769	534.1
770	534.1
771	534.6
772	536
773	536.7
774	535.25
775	533.8
776	533.8
777	533.15
778	532.5
779	532.5
780	531.95
781	531.4
782	531.4
783	532.5
784	533.6
785	533.6
786	531.4
787	529.2
788	529.2
789	529.4
790	529.4
791	525.8
792	529.7
793	529.4
794	528.8
795	531.1
796	531.2
797	531.1
798	531.5
799	534.9
800	532.2
801	533.4
802	530.7
803	529.2
804	529.8
805	528.1
806	532.1
807	532.9
808	533.7
809	533.2
810	532.7
811	532.3
812	530.7
813	533
814	533.2
815	533.3
816	530.9
817	532.7
818	537.5
819	533.3
820	534.2
821	534.2
822	531
823	533.9
824	533.1
825	530.3
826	531.8
827	531.2
828	530.4
829	527.5
830	527.95
831	528.4
832	528.4
833	525.5
834	525.9
835	528.1
836	528.35
837	528.6
838	528.5
839	529.4
840	529.4
841	528.8
842	528.8
843	527.1
844	527.1
845	523.7
846	524.8
847	526.8
848	528.5
849	524
850	524
851	517.2
852	517.2
853	516.5
854	518.2
855	519.1
856	525.3
857	527.7
858	527.6
859	527
860	521
861	521
862	519.7
863	519.7
864	522.1
865	523.3
866	523.6
867	521.6
868	521.6
869	520.2
870	518.8
871	519.2
872	520.1
873	520.3
874	520.3
875	516.9
876	517
877	517.5
878	519.8
879	518.6
880	518.7
881	520.5
882	519.35
883	518.2
884	519.9
885	520
886	519.8
887	519.6
888	519.6
889	521.1
890	520.3
891	519.6
892	520.8
893	520.8
894	521.6
895	522.1
896	522.3
897	522.3
898	519.2
899	516.1
900	517.5
901	522.7
902	522.4
903	522.7
904	525.2
905	525.8
906	524.7
907	528.9
908	533.3
909	523.4
910	531.1
911	516.8
912	521.4
913	524.8
914	532.1
915	521.3
916	528
917	514.6
918	518
919	532.6
920	527.5
921	515.8
922	517.3
923	510.2
924	526.2
925	501.9
926	520.9
927	506.7
928	500.4
929	522.9
930	505.8
931	511.8
932	512
933	512.2
934	511.7
935	508.1
936	516.2
937	519
938	515
939	512.9
940	510.9
941	512.2
942	513.2
943	513.5
944	519.3
945	524.1
946	524.5
947	526.1
948	528.1
949	529.4
950	530
951	531.4
952	528.9
953	525.5
954	523.4
955	523.3
956	525.2
957	521.4
958	521.8
959	521.3
960	521.5
961	522.8
962	524.1
963	522.6
964	520
965	518.7
966	518.9
967	520.3
968	520.9
969	518.4
970	520
971	520.1
972	520.5
973	519
974	517.5
975	518.1
976	518
977	516.5
978	524.8
979	526.1
980	529.3
981	529.8
982	535
983	536.2
984	536.6
985	537.6
986	540.6
987	538.6
988	538.5
989	537.8
990	537.6
991	537.6
992	523.9
993	523.9
994	515.6
995	515.6
996	515
997	515.1
998	515.4
999	513.2
1000	513.2
1001	511.2
1002	511.1
1003	511.1
1004	509.8
1005	509.4
1006	509.3
1007	514.4
1008	514.4
1009	511.7
1010	511.7
1011	511.1
1012	511.1
1013	508.3
1014	508.8
1015	510.5
1016	508.4
1017	508.4
1018	507.9
1019	507.9
1020	506
1021	507.3
1022	507.5
1023	510.6
1024	509.9
1025	508.7
1026	512.4
1027	512.7
1028	512.8
1029	511.55
1030	510.3
1031	510.3
1032	507.6
1033	507.6
1034	510.1
1035	510.1
1036	507.3
1037	507.3
1038	510.5
1039	510.5
1040	508.2
1041	505.2
1042	504.8
1043	499.7
1044	499.7
1045	500.1
1046	502.7
1047	502.9
1048	502.3
1049	502.3
1050	503.6
1051	503.7
1052	510.8
1053	510.8
1054	496.8
1055	497.9
1056	497
1057	498.3
1058	501.8
1059	502.8
1060	502.2
1061	501.7
1062	499.9
1063	499.4
1064	499.4
1065	499.9
1066	499.9
1067	499.2
1068	498.3
1069	499
1070	499
1071	499.2
1072	499.1
1073	498.2
1074	498.3
1075	501.3
1076	500.7
1077	500.2
1078	497
1079	497.3
1080	492.8
1081	493.8
1082	489.7
1083	493.5
1084	485.3
1085	486.0666667
1086	486.8333333
1087	487.6
1088	487.6
1089	487.85
1090	488.1
1091	488.1
1092	488.4333333
1093	488.7666667
1094	489.1
1095	489.1
1096	489.35
1097	489.6
1098	489.6
1099	488.95
1100	488.3
1101	488.3
1102	488
1103	487.7
1104	487.7
1105	487.2
1106	486.7
1107	486.2
1108	485.7
1109	485.7
1110	487.6
1111	487.6
1112	487.45
1113	487.3
1114	487.3
1115	486.7
1116	486.7
1117	486.4
1118	486.4
1119	488
1120	488
1121	487.1333333
1122	486.2666667
1123	485.4
1124	486.2
1125	486.7
1126	486.4
1127	486.7
1128	485.3
1129	484
1130	485.3
1131	482.9
1132	482
1133	482.3
1134	483.4
1135	482.9
1136	482.6
1137	485.9
1138	485.9
1139	495.7
1140	495.8
1141	496.8
1142	497.7
1143	498.5
1144	494.8
1145	494.8
1146	495.1
1147	496.95
1148	498.8
1149	497.4
1150	491.7
1151	491.3
1152	492.2
1153	490.7
1154	489.7
1155	491.2
1156	494.5
1157	496.6
1158	492.3
1159	492.6
1160	492.2
1161	491.8
1162	489.2
1163	492.5
1164	496.7
1165	490.1
1166	490.3
1167	489.3
1168	486
1169	488.1
1170	487.4
1171	487.4
1172	487.6
1173	487.9
1174	484.7
1175	484.7
1176	486.4
1177	486.4
1178	486.9
1179	487.4
1180	487.9
1181	488.4
1182	488.4
1183	489.9
1184	489.9
1185	489.7333333
1186	489.5666667
1187	489.4
1188	489.4
1189	488.7
1190	488
1191	488
1192	486.9333333
1193	485.8666667
1194	484.8
1195	484.8
1196	485.8
1197	486.8
1198	487.8
1199	487.8
1200	484.825
1201	481.85
1202	478.875
1203	475.9
1204	478.5
1205	476.4
1206	472.9
1207	480.6
1208	475.5
1209	483.7
1210	485.4
1211	478.4
1212	477.2
1213	476.0333333
1214	474.8666667
1215	473.7
1216	473.7
1217	473.7
1218	473.7
1219	472.7
1220	471.7
1221	471.7
1222	473.6
1223	473.6
1224	473.1
1225	472.6
1226	472.6
1227	473
1228	473
1229	472.75
1230	472.5
1231	472.5
1232	472.8
1233	472.7
1234	470.9
1235	469.1
1236	473.6
1237	473.6
1238	471.7
1239	471.1
1240	475.5
1241	475.7
1242	472.1
1243	473.9
1244	477.4
1245	477.4
1246	476.8
1247	474.8
1248	471.4
1249	469.4
1250	469.3
1251	468.2
1252	467.7
1253	468.2
1254	468.3
1255	462.4
1256	461.4
1257	461
1258	460.3
1259	461
1260	460.5
1261	463.7
1262	461
1263	461
1264	456
1265	455.7
1266	454.4
1267	460.3
1268	452.9
1269	450.7
1270	452.9
1271	453.1
1272	454.5
1273	454
1274	458.3
1275	458.2
1276	458.6
1277	456.8
1278	461.7
1279	460.4
1280	460.2
1281	461
1282	462.3
1283	460.7
1284	458.8
1285	458
1286	457.2
1287	457.2
1288	457.5
1289	457.8
1290	458.1
1291	458.1
1292	457.3
1293	456.5
1294	456.5
1295	457.35
1296	458.2
1297	458.2
1298	457.8
1299	457.8
1300	461.5
1301	461.5
1302	458.6
1303	457.9
1304	458.5
1305	460.2
1306	464.1
1307	463.7
1308	465.4
1309	458.3
1310	455.3
1311	455.7
1312	456.1
1313	456.1
1314	456.1
1315	456.125
1316	456.15
1317	456.175
1318	456.2
1319	451.2
1320	447.9
1321	447.9
1322	450
1323	449.2
1324	449.1
1325	455.8
1326	449.8
1327	449.8
1328	449.8
1329	453.6
1330	452.4
1331	462.3
1332	465.4
1333	456.5
1334	458.9
1335	450.6
1336	454.5
1337	459.5
1338	455.4
1339	461.6
1340	450
1341	454.7
1342	456.9
1343	453.7
1344	453.3
1345	452.9
1346	453.7
1347	451.9
1348	452.5
1349	452.7
1350	447.6
1351	451.5
1352	446.6
1353	447.5
1354	449.4
1355	451.4
1356	453.4
1357	453.4
1358	449.4
1359	449.4
1360	452.1
1361	452.1
1362	451.3
1363	450.5
1364	450.5
1365	448.7
1366	448.7
1367	449.3
1368	449.3
1369	447.4
1370	445.5
1371	445.5
1372	442.45
1373	439.4
1374	439.4
1375	438.5
1376	438.5
1377	440.5
1378	440.5
1379	439.3
1380	438.1
1381	438.1
1382	439
1383	439
1384	439.05
1385	439.1
1386	439.1
1387	439.1
1388	439.1
1389	439.05
1390	439
1391	439
1392	439
1393	439
1394	439.0333333
1395	439.0666667
1396	439.1
1397	439.1
1398	439.3
1399	439.5
1400	439.5
1401	439.8
1402	439.8
1403	440.3
1404	440.3
1405	439.7
1406	439.7
1407	439.65
1408	439.6
1409	439.6
1410	439.2
1411	439.5
1412	439.7
1413	439.2
1414	439.2
1415	439.9
1416	441.5
1417	445.3
1418	445.3
1419	443.9
1420	444.3
1421	445.1
1422	445.1
1423	445.725
1424	446.35
1425	446.975
1426	447.6
1427	447.6
1428	449.3
1429	450.7
1430	455.4
1431	452.8
1432	456.3
1433	465.9
1434	459.8
1435	448.3
1436	448.4
1437	449.4
1438	447.7
1439	447.4
1440	446.1
1441	447.5
1442	447.5
1443	449.6
1444	447.9
1445	447.8
1446	449.3
1447	448.6
1448	450.4
1449	450.4
1450	450.2
1451	450
1452	449.8
1453	449.5
1454	449
1455	447.4
1456	446.9
1457	446.9
1458	448.45
1459	450
1460	446.3
1461	449.8
1462	446.2
1463	446.4
1464	446.2
1465	446.4
1466	447.75
1467	449.1
1468	448.9
1469	445.3
1470	445.3
1471	444.1
1472	443.7
1473	446.9
1474	444.6
1475	440.7
1476	441.6
1477	438.9
1478	436.9
1479	442.6
1480	441.7
1481	438.3
1482	442.25
1483	446.2
1484	452.2
1485	452.6
1486	451.5
1487	450
1488	450.4
1489	447.6
1490	446.6
1491	445.2
1492	443.6
1493	443.2
1494	444.5
1495	445.8
1496	447.1
1497	448.4
1498	448.4
1499	449.725
1500	451.05
1501	452.375
1502	453.7
1503	453.7
1504	450.3
1505	450.3
1506	448.78
1507	447.26
1508	445.74
1509	444.22
1510	442.7
1511	444.6
1512	445.4
1513	446.2
1514	447
1515	447
1516	447.6333333
1517	448.2666667
1518	448.9
1519	444.2
1520	444.8
1521	443.7
1522	442.6
1523	444.5
1524	445.9
1525	446.7
1526	447.6
1527	447.1
1528	447.6
1529	449.1
1530	446.5
1531	443.4
1532	444.8
1533	445.1
1534	445.8
1535	447.6
1536	444.9
1537	445.45
1538	446
1539	447.5
1540	439.3
1541	439.3
1542	443.9
1543	451.6
1544	452
1545	452.8
1546	453.5
1547	452.3
1548	452.3
1549	448.6
1550	449.1
1551	450.9
1552	451.5
1553	451.5
1554	451.7333333
1555	451.9666667
1556	452.2
1557	452.2
1558	446.4
1559	446.4
1560	446.6
1561	446.8
1562	446.2
1563	443.7
1564	442.85
1565	442
1566	441.9
1567	440.6
1568	441.3
1569	441.15
1570	441
1571	441
1572	440.7
1573	440.4
1574	440.7
1575	440.7
1576	440.7
1577	440.7
1578	440.2333333
1579	439.7666667
1580	439.3
1581	439.3
1582	439.4
1583	439.4
1584	439.65
1585	439.9
1586	439.9
1587	444.1
1588	441.9
1589	438.6
1590	440.4
1591	442.2
1592	441.8
1593	441.4
1594	440.2
1595	438.9
1596	438.7
1597	440
1598	441.5
1599	439.3
1600	437.3
1601	438.4
1602	452.8
1603	449.2
1604	444.75
1605	440.3
1606	440.7
1607	441.4
1608	437.8
1609	439.9
1610	438.4
1611	435.4
1612	439.8
1613	438.8
1614	438.3
1615	439
1616	439.7
1617	439.7
1618	442.9
1619	446.1
1620	441.7
1621	439.4
1622	441.35
1623	443.3
1624	446.3
1625	449.9
1626	448
1627	464.9
1628	464.7
1629	472.1
1630	486.1
1631	453.5
1632	439.4
1633	460.2
1634	438.7
1635	438.7
1636	447.2
1637	440.2
1638	441.6
1639	450.8
1640	477.7
1641	480.6
1642	468.8
1643	450
1644	446
1645	446.7
1646	463.9
1647	456
1648	469.3
1649	467.6
1650	468.2
1651	467.2
1652	467.2
1653	454.2
1654	453.1
1655	452.9
1656	460
1657	460.2
1658	466.1
1659	465.8
1660	471.2
1661	469.7
1662	469.2
1663	463.45
1664	457.7
1665	456.8
1666	454.9
1667	454.2
1668	454.2
1669	459.3
1670	455.6
1671	453.8
1672	456.5333333
1673	459.2666667
1674	462
1675	462
1676	468.2
1677	468.2
1678	459.9
1679	459.9
1680	458.625
1681	457.35
1682	456.075
1683	454.8
1684	454.8
1685	453.8
1686	448.3
1687	447.6
1688	447.2
1689	443.3
1690	445.9
1691	448.9
1692	449.4
1693	449.2
1694	449.8
1695	462
1696	465.2
1697	462.6
1698	460.4
1699	462.6
1700	464.2
1701	460.4
1702	456.6
1703	460.3
1704	459.4
1705	459.5
1706	466.2
1707	466.1
1708	467.8
1709	467.9
1710	466.5
1711	465.1
1712	465.1
1713	480.4
1714	477
1715	473.6
1716	473.8
1717	476.4
1718	475.5
1719	475.5
1720	473.1
1721	469.8
1722	462.8
1723	462
1724	460.3
1725	469.6
1726	471.6
1727	471.9
1728	475
1729	479.1
1730	474.6
1731	474.5
1732	471.3
1733	469.6
1734	468.2
1735	465.6
1736	463
1737	463
1738	465.62
1739	468.24
1740	470.86
1741	473.48
1742	476.1
1743	475.7
1744	479.9
1745	482
1746	451.9
1747	455
1748	451
1749	446.3
1750	448.7
1751	449.9
1752	449.9
1753	451.5
1754	451.3
1755	453.4
1756	455.9
1757	446.7
1758	441
1759	440.3
1760	461.3
1761	461.5
1762	464.7
1763	466.3
1764	460.5
1765	457.2
1766	456.8
1767	458.3
1768	456
1769	453.1
1770	452.9
1771	455.8
1772	461.6
1773	458.6
1774	458.2
1775	455.3
1776	454.4
1777	448.8
1778	448.7
1779	446.8
1780	444.9
1781	443.5
1782	440.9
1783	446.4
1784	456.5
1785	458
1786	452.8
1787	452.4
1788	456.5
1789	457.3
1790	455.6
1791	454.5
1792	454.5
1793	457
1794	458.8
1795	453.7
1796	451.4
1797	446.2
1798	443.6
1799	443.3
1800	446.3
1801	446
1802	443
1803	443
1804	443.6
1805	443.4
1806	449.8
1807	449.8
1808	444.3
1809	437.5
1810	437
1811	436.7
1812	436.7
1813	436.4
1814	436.4
1815	435.5
1816	437.5
1817	437.7
1818	435.8
1819	436.3
1820	438.6
1821	439.6
1822	440.2
1823	443
1824	443.5
1825	441.9
1826	441.3
1827	441.3
1828	440.6
1829	449.4
1830	450.1
1831	449.9
1832	454.3
1833	447.4
1834	449.5
1835	448.9
1836	455.5
1837	445.3
1838	436
1839	442.5
1840	440.5
1841	441.9
1842	443.8
1843	455.8
1844	467.8
1845	466.6
1846	463.5
1847	463.5
1848	455.6
1849	456.2
1850	457
1851	464.6
1852	464.6
1853	470.6
1854	470.4
1855	470.2
1856	470.4
1857	470
1858	471.7
1859	475.4
1860	473.8
1861	470.9
1862	470.9
1863	467.2
1864	464.8
1865	464.5
1866	460.6
1867	461.2
1868	464.9
1869	465.1
1870	464.6
1871	462.3
1872	463.9
1873	468.8
1874	464.4
1875	468.2
1876	463.3
1877	462.3
1878	462.3
1879	460.3
1880	458.3
1881	458.3
1882	454.2
1883	457.4
1884	457.2
1885	452.3
1886	452.9
1887	452.7
1888	455.1
1889	453.6
1890	454.7
1891	455.4
1892	447.1
1893	447.1
1894	447.3
1895	447.8
1896	449.3
1897	453.8
1898	459.6
1899	455.8
1900	452
1901	448.2
1902	458.4
1903	452.4
1904	443.4
1905	466.6
1906	455.2
1907	465.8
1908	458.15
1909	450.5
1910	453.8
1911	453.6
1912	453.4
1913	453.2
1914	451.9
1915	451.9333333
1916	451.9666667
1917	452
1918	453.4
1919	456
1920	459.7
1921	456.4
1922	453.1
1923	457.7
1924	450.5
1925	444.2
1926	444.4
1927	546.3
1928	526.4
1929	592.2
1930	560.4
1931	551.5
1932	600.6
1933	516.1
1934	527.2
1935	501.1
1936	580.7
1937	618.5
1938	542.2
1939	615
1940	573.8
1941	488.8
1942	641.6
1943	628.5
1944	517.1
1945	520.4
1946	630.8
1947	631.5
1948	524.4
1949	634.1
1950	571.8
1951	451.1
1952	600.6
1953	666.6
1954	527.4
1955	661.7
1956	683.2
1957	628.1
1958	630
1959	702.9
1960	702
1961	717.6
1962	722.8
1963	731.7
1964	725.6
1965	719.5
1966	718.4
1967	710.5
1968	723
1969	734.5
1970	749.2
1971	753.4
1972	755.9
1973	743.4
1974	693.2
1975	674.8
1976	671.7
1977	671.9
1978	690.8
1979	693
1980	700.5
1981	703.4
1982	703.5
1983	696.9
1984	691.4
1985	688.7
1986	693
1987	696.1
1988	696.6
1989	686.4
1990	696.8
1991	700.1
1992	700.1
1993	705.5
1994	706.3
1995	710.9
1996	715.4
1997	703.8
1998	697.7
1999	698
2000	700.1
2001	704.6
2002	705.2
2003	704.2
2004	703.4
2005	704.1
2006	706.4
2007	703.7
2008	705.1
2009	701.8
2010	701.5
2011	705.7
2012	703.2
2013	703.5
2014	705.9
2015	705.9
2016	697.8
2017	699
2018	699.2
2019	697.8
2020	695.7
2021	699.2
2022	699.2
2023	697
2024	693.1
2025	689.2
2026	702.9
2027	703.2
2028	703.4
2029	700.7
2030	700.1
2031	700.9
2032	699.7
2033	698.7
2034	698.8
2035	704.4
2036	703.2
2037	700
2038	699.4
2039	697.8
2040	698.6
2041	692.1
2042	693.1
2043	693.8
2044	698.4
2045	690.8
2046	697.4
2047	688.9
2048	689.5
2049	690.2
2050	689.2
2051	695.8
2052	701.1
2053	693.3
2054	691
2055	693
2056	694.5
2057	693.2
2058	683.8
2059	682.8
2060	680.7
2061	682.3
2062	683.8
2063	688.9
2064	685.7
2065	684.2
2066	687.9
2067	690.6
2068	689.9
2069	684.9
2070	683.1
2071	679.4
2072	675.6
2073	678.6
2074	677.2
2075	671.5
2076	666.5
2077	666.2
2078	674.5
2079	683.5
2080	685.5
2081	685.1
2082	685
2083	688.8
2084	688.4
2085	698.8
2086	697.5
2087	694.6
2088	690.8
2089	688.9
2090	691.6
2091	695.1
2092	695.1
2093	687.5
2094	687.5
2095	687.3
2096	681.2
2097	688.2
2098	695
2099	692
2100	697.1
2101	698.1
2102	698.1
2103	681.9
2104	698.3
2105	705
2106	705.8
2107	705.1
2108	701.6
2109	701.5
2110	709.2
2111	709.2
2112	710.7
2113	714.4
2114	704.2
2115	696
2116	690.3
2117	700.7
2118	702.1
2119	707
2120	739.6
2121	756.1
2122	766.3
2123	749.4
2124	749.4
2125	749.5
2126	718.9
2127	718.9
2128	723.2
2129	718.7
2130	718.2
2131	719.6
2132	739.5
2133	746.7
2134	720
2135	720
2136	711.4
2137	686.8
2138	687.6
2139	702.1
2140	696.7
2141	694.6
2142	692.1
2143	691.3
2144	685.6
2145	689.7
2146	686
2147	701.5
2148	696
2149	648.5
2150	693
2151	683.3
2152	687.2
2153	683.5
2154	682.4
2155	684.1
2156	694
2157	677.8
2158	661.6
2159	661.6
2160	658.6
2161	658.6
2162	654.7
2163	658.6
2164	659.6
2165	657.5
2166	656.4
2167	654.3
2168	651.8
2169	650.1
2170	648.4
2171	647.2
2172	647.3
2173	648.2
2174	651.8
2175	648.9
2176	645.5
2177	646.7
2178	648.2
2179	638.2
2180	638.2
2181	638.3
2182	636.3
2183	638.2
2184	636.4
2185	637.8
2186	636
2187	634
2188	626.9
2189	635.3
2190	636.7
2191	635.2
2192	628.7
2193	628.45
2194	628.2
2195	624.7
2196	630.4
2197	631.2
2198	630.7
2199	628.8
2200	631.5
2201	635.7
2202	633
2203	632.7
2204	639.6
2205	637.9
2206	645.3
2207	645.8
2208	633.4
2209	637.8
2210	637
2211	632
2212	635
2213	636.7
2214	645
2215	649
2216	641.7
2217	639.8
2218	643.5
2219	645
2220	643.5
2221	642.1
2222	643.6
2223	641.2
2224	639.6
2225	638.6
2226	638.1
2227	635.2
2228	632.3
2229	627.4
2230	626.2
2231	627.6
2232	625.4
2233	628.5
2234	632.6
2235	632.7
2236	638.9
2237	639.5
2238	629.3
2239	621.6
2240	627.7
2241	624.8
2242	624.5
2243	646.1
2244	650
2245	650.6
2246	658.9
2247	651.4
2248	645.8
2249	641
2250	635.1
2251	639
2252	643.9
2253	638.7
2254	634.7
2255	637.5
2256	640.1
2257	631.1
2258	637.1
2259	639.3
2260	638.4
2261	638.4
2262	640
2263	637.7
2264	635.2
2265	639.1
2266	640.8
2267	641.8
2268	639.1
2269	638.2
2270	638.9
2271	641.7
2272	638.3
2273	635.5
2274	632.5
2275	627.1
2276	628.7
2277	622.9
2278	632.6
2279	632.4
2280	630.5
2281	625.7
2282	628.1
2283	629
2284	629.3
2285	623.5
2286	622.5
2287	621.65
2288	620.8
2289	619.95
2290	619.1
2291	619.1
2292	620
2293	620
2294	609.25
2295	598.5
2296	603.3
2297	610.2
2298	610.4
2299	609.9
2300	609.9
2301	601.9
2302	601.9
2303	604.2
2304	615.2
2305	606.4
2306	608
2307	608.1
2308	605
2309	614.8
2310	617.9
2311	613.8
2312	605.4
2313	605.4
2314	615
2315	615
2316	618.4
2317	616
2318	613.5
2319	608.9
2320	609.4
2321	612.3
2322	612.1
2323	619
2324	620.4
2325	623.5
2326	621.6
2327	620.5
2328	629.3
2329	629
2330	623.9
2331	621
2332	621
2333	621
2334	628.2
2335	627.2
2336	625.1
2337	628.2
2338	629.8
2339	626.4
2340	619.5
2341	620.2
2342	618.6
2343	616.8
2344	619.8
2345	619.8
2346	620
2347	625.7
2348	629.5
2349	627.2
2350	621.5
2351	620.6
2352	620.1
2353	628.1
2354	636.3
2355	629.2
2356	629.2
2357	627.5
2358	627.3
2359	626.6
2360	614.7
2361	614.7
2362	606.5
2363	607.3
2364	617.3
2365	619.9
2366	621.4
2367	622.6
2368	622.8
2369	614
2370	614
2371	613.7
2372	613.6
2373	609.8
2374	610.6
2375	606.7
2376	609.2
2377	607.2
2378	603.5
2379	602.5
2380	606.6
2381	606.5
2382	606.4
2383	602.9
2384	600.1
2385	603.3
2386	604.5
2387	605.7
2388	601.6
2389	594.7
2390	600.5
2391	591.5
2392	591.5
2393	596.8
2394	596.8
2395	599.1
2396	599.1
2397	600.4
2398	601.7
2399	601.7
2400	600.85
2401	600
2402	599.15
2403	598.3
2404	598.3
2405	601.75
2406	605.2
2407	605.2
2408	600.3
2409	595.4
2410	595.4
2411	580.5
2412	583.5
2413	594.6
2414	564.8
2415	567.9
2416	562.9
2417	565.5
2418	562.7
2419	562.6
2420	567.1
2421	586.6
2422	567.3
2423	566.8
2424	563.7
2425	575.2
2426	591.5
2427	581.3
2428	597.4
2429	592.7
2430	591.1
2431	593.6
2432	608.9
2433	619.9
2434	592.9
2435	593.7
2436	597.3
2437	593.4
2438	593.8
2439	590.7
2440	613.4
2441	620.4
2442	617.2
2443	613
2444	613
2445	608.3
2446	603.6
2447	603.6
2448	602.2666667
2449	600.9333333
2450	599.6
2451	599.6
2452	598.225
2453	596.85
2454	595.475
2455	594.1
2456	594.1
2457	594.4
2458	594.7
2459	595
2460	595
2461	593.85
2462	592.7
2463	592.7
2464	592.75
2465	592.8
2466	592.8
2467	593.05
2468	593.3
2469	593.3
2470	593.9666667
2471	594.6333333
2472	595.3
2473	595.3
2474	591.15
2475	587
2476	587
2477	588.5
2478	590
2479	590
2480	591.1
2481	592.2
2482	592.2
2483	590.1
2484	588
2485	588
2486	588
2487	588
2488	588
2489	588.55
2490	589.1
2491	589.1
2492	597.5
2493	597.5
2494	594.7
2495	585.3
2496	582.9
2497	587.2
2498	586.2
2499	589
2500	591.8
2501	586.6
2502	593.5
2503	602.9
2504	602.2
2505	594.6
2506	606
2507	595.4
2508	606.5
2509	607.3
2510	608.6
2511	608.6
2512	607.7
2513	606.8
2514	577.3
2515	600.7
2516	607.2
2517	606.5
2518	602.8
2519	594.4
2520	607.4
2521	607.7
2522	607.6
2523	609.1
2524	606
2525	604.4
2526	601.3
2527	603.6
2528	597.6
2529	589.6
2530	586.2
2531	575.6
2532	578.7
2533	578.8
2534	580.7
2535	575.7
2536	576.9
2537	581.9
2538	578.4
2539	578.4
2540	574.8
2541	573.7
2542	570.4
2543	570.5
2544	570.5
2545	570.6
2546	567.9
2547	566.1
2548	569.2
2549	567
2550	569.3
2551	576.6
2552	575.6
2553	576
2554	574.8
2555	576
2556	570.6
2557	570.1
2558	570.9
2559	571.1
2560	572.6
2561	569.8
2562	572.3
2563	582.1
2564	571.4
2565	569.2
2566	568.6
2567	576.4
2568	576.3
2569	577.3
2570	578.1
2571	576.9
2572	570.8
2573	562.9
2574	566.32
2575	569.74
2576	573.16
2577	576.58
2578	580
2579	580
2580	579.35
2581	578.7
2582	578.05
2583	577.4
2584	576.75
2585	576.1
2586	575.45
2587	574.8
2588	574.8
2589	574.05
2590	573.3
2591	572.55
2592	571.8
2593	571.05
2594	570.3
2595	570.3
2596	570.5333333
2597	570.7666667
2598	571
2599	571.2333333
2600	571.4666667
2601	571.7
2602	571.7
2603	571.4428571
2604	571.1857143
2605	570.9285714
2606	570.6714286
2607	570.4142857
2608	570.1571429
2609	569.9
2610	572.1
2611	569
2612	567.7
2613	565.1
2614	566.2
2615	566.4
2616	565.7
2617	568.1
2618	568.8
2619	566
2620	561.7
2621	559.5
2622	558.8
2623	555.8
2624	552.7
2625	558
2626	556.2
2627	555.7
2628	554.1
2629	552.5
2630	553.8
2631	557.4
2632	551.6
2633	553
2634	554.1
2635	558.3
2636	555.2
2637	555.1
2638	553.2
2639	553.3
2640	553.3
2641	552.6
2642	550.1
2643	545.4
2644	544.1
2645	543.9
2646	544.8
2647	545.7
2648	546.1
2649	546.3
2650	543.6
2651	545.2
2652	548.4
2653	546.5
2654	546.1
2655	547.5
2656	548.6
2657	548.2
2658	546.9
2659	544.4
2660	544.2
2661	548
2662	552.2
2663	553.7
2664	552.1
2665	554.6
2666	556.2
2667	558.5
2668	557.2
2669	557
2670	556.8
2671	559
2672	557.4
2673	557.7
2674	558.2
2675	556.9
2676	556.8
2677	556.3
2678	556
2679	556.1
2680	556.2
2681	559.3
2682	562.2
2683	564
2684	562.5
2685	562.4
2686	557
2687	554.7
2688	554
2689	557.1
2690	554.3
2691	554.4
2692	554.2
2693	554.2
2694	553.3
2695	553.3
2696	554.9
2697	553.2
2698	551.5
2699	551
2700	552
2701	547.1
2702	548.6
2703	549.6
2704	551.6
2705	553.1
2706	553
2707	552.2
2708	553.2
2709	553.3
2710	554.7
2711	554
2712	553.5
2713	554.8
2714	554.6
2715	554.3
2716	553.8
2717	550.9
2718	553.1
2719	554.7
2720	551.2
2721	549.5
2722	548.2
2723	548
2724	548.9
2725	548.9
2726	549.4
2727	549.4
2728	545.1
2729	547.3
2730	552.9
2731	555.3
2732	555.4
2733	550.1
2734	550.5
2735	550.6
2736	550.2
2737	550.1
2738	548.7
2739	547.9
2740	551.5
2741	551.5
2742	546.8
2743	546.8
2744	548.3
2745	548.3
2746	547.9
2747	547.5
2748	547.5
2749	548.4
2750	548.4
2751	547.2
2752	547.9
2753	547.6
2754	546.2
2755	547
2756	547.8
2757	545.5
2758	543.5
2759	543
2760	547.1
2761	546.3
2762	546.1
2763	545.3
2764	545.3
2765	545.1
2766	544.9
2767	544.7
2768	542.9
2769	539.5
2770	539.4
2771	541.1
2772	541.1
2773	543.3
2774	541.3
2775	538.6
2776	541
2777	543.5
2778	541.4
2779	540.6
2780	542.8
2781	544.4
2782	540.7
2783	540.7
2784	540.8
2785	548.5
2786	540.9
2787	540.9
2788	539.2
2789	541.2
2790	542.7
2791	544.1
2792	538.2
2793	538.1
2794	542
2795	543.8
2796	542.2
2797	536.8
2798	539.5
2799	539.7
2800	539.1
2801	538.5
2802	543.6
2803	543.1
2804	539
2805	540.3
2806	538.4
2807	540.8
2808	541.4
2809	540.9
2810	539.8
2811	539.8
2812	539.3
2813	541.5
2814	541.5
2815	539.8
2816	540.8
2817	541.2
2818	537.8
2819	537.8
2820	538
2821	538
2822	535.9
2823	535.9
2824	535.4
2825	535.4
2826	532.2
2827	532.2
2828	531.5
2829	531.5
2830	531.9
2831	532.3
2832	532.1
2833	531.1
2834	532.1
2835	532
2836	534.9
2837	538
2838	542.5
2839	538.2
2840	533.6
2841	540.2
2842	539.7
2843	541
2844	539.5
2845	542.6
2846	541.9
2847	543.6
2848	541.2
2849	539.6
2850	537.5
2851	536.9
2852	533.8
2853	535.6
2854	536
2855	538.2
2856	536.5
2857	537.2
2858	537.8
2859	536.7
2860	538.5
2861	537.1
2862	534.1
2863	534.5
2864	535.5
2865	535.8
2866	536.6
2867	539.8
2868	533.6
2869	536.1
2870	536.2
2871	540
2872	540.1
2873	540.2
2874	540.2
2875	538.1
2876	537.6
2877	537.4
2878	539.5
2879	540.7
2880	540.1
2881	543.1
2882	536.1
2883	529.1
2884	535.5
2885	535.6
2886	538.5
2887	537.9
2888	536.9
2889	536.9
2890	534.7
2891	537
2892	538.2
2893	539.7
2894	539.6
2895	538.8
2896	538.9
2897	538.25
2898	537.6
2899	535.4
2900	536.6
2901	539
2902	537.6
2903	539.3
2904	539.7
2905	537.8
2906	536.7
2907	536.6
2908	534.1
2909	533.2
2910	533.8
2911	534.5
2912	531.8
2913	531.7
2914	531.1
2915	530.9
2916	535.3
2917	536
2918	532.6
2919	534.5
2920	533
2921	532.9
2922	529
2923	532
2924	535.4
2925	538.8
2926	539.1
2927	543.4
2928	550.5
2929	541.5
2930	532.5
2931	533.1
2932	535.5
2933	530.9
2934	532.5
2935	531.1
2936	531.7
2937	532.1
2938	532
2939	530
2940	529.7
2941	527.1
2942	526.6
2943	532.2
2944	534.8
2945	531.2
2946	532.6
2947	531
2948	529.9
2949	524.4
2950	527.1
2951	529.3
2952	525.2
2953	530.8
2954	537.8
2955	531.3
2956	524.8
2957	524.8
2958	538.2
2959	534.2
2960	533
2961	529.3
2962	525.7
2963	528.6
2964	530.8
2965	531.6
2966	529.7
2967	525.7
2968	526.9
2969	527.3
2970	524.3
2971	524.2
2972	525.7
2973	526.3
2974	525.8
2975	525.6
2976	525.4
2977	525.2
2978	523.9
2979	523.9
2980	524.5
2981	522.6
2982	518
2983	520.1
2984	523.2
2985	520.8
2986	517.5
2987	521.3
2988	517.3
2989	513.3
2990	516.9
2991	517.2
2992	521
2993	521
2994	516.8
2995	518.1
2996	520.5
2997	521
2998	521
2999	521.8
3000	527.1
3001	528.6
3002	532.6
3003	534.5
3004	539.7
3005	548.2
3006	561.9
3007	528.5
3008	525.3
3009	523.7
3010	525
3011	525.8
3012	528.6
3013	531.7
3014	528.8
3015	531.9
3016	529.4
3017	528.6
3018	528.3
3019	528.3
3020	522.8
3021	521.8
3022	521.3
3023	524.3
3024	530.1
3025	533.4
3026	536.2
3027	535
3028	536.9
3029	528.5
3030	528.4
3031	535.7
3032	536.1
3033	536.1
3034	535.2
3035	535.2
3036	527.9
3037	530.6
3038	532.4
3039	528.8
3040	535.3
3041	534.9
3042	531.25
3043	527.6
3044	535.5
3045	532.3
3046	530.4
3047	531.9
3048	533
3049	534.1
3050	544.7
3051	544.7
3052	534.8
3053	532.4
3054	535.3
3055	534.7
3056	534.5
3057	535.3
3058	535.1
3059	532
3060	532.1
3061	533.3
3062	532.9
3063	534.8
3064	530
3065	533.5
3066	531.3
3067	531.3
3068	528.3
3069	531.5
3070	538.2
3071	540.3
3072	548.2
3073	550.7
3074	545.2
3075	542.1
3076	541.3
3077	543
3078	541.1
3079	539.2
3080	538.4
3081	539.9
3082	537.6
3083	541.6
3084	541.4
3085	539.8
3086	543.7
3087	547.7
3088	547.3
3089	544.4
3090	544.4
3091	544.7
3092	549.95
3093	555.2
3094	555.1
3095	551.9
3096	554.3
3097	555.1
3098	556.2
3099	554.6
3100	554.7
3101	557.8
3102	557
3103	557
3104	554.7
3105	554.7
3106	557.2
3107	561.3
3108	559.1
3109	557.3
3110	558.1
3111	560.1
3112	558.3
3113	561.8
3114	561.2
3115	562.3
3116	556.1
3117	559.4
3118	562.2
3119	561.3
3120	562
3121	555.2
3122	554.3
3123	553.3
3124	553.9
3125	554.5
3126	554.5
3127	554.75
3128	555
3129	555
3130	554
3131	553
3132	553
3133	553.85
3134	554.7
3135	554.7
3136	555.5
3137	556.3
3138	556.3
3139	556.45
3140	556.6
3141	556.6
3142	557.4
3143	558.2
3144	558.2
3145	558.0666667
3146	557.9333333
3147	557.8
3148	557.8
3149	557.1
3150	556.4
3151	558
3152	561.55
3153	565.1
3154	565.3
3155	566.4
3156	574.9
3157	574.9
3158	571
3159	571.2
3160	571.8
3161	571.6
3162	571.6
3163	570.1
3164	570.5
3165	569.8
3166	567.8
3167	567
3168	562.8
3169	560.7
3170	563.0666667
3171	565.4333333
3172	567.8
3173	566.2
3174	562.3
3175	565.7
3176	562.7
3177	562.6
3178	563
3179	563.6
3180	562.3
3181	559.5
3182	558.3
3183	561.7
3184	559.2
3185	558.3
3186	556.8
3187	556.7
3188	554.9
3189	554.2
3190	553.3
3191	551.6
3192	553
3193	555.3
3194	551.6
3195	553.3
3196	552.1
3197	551.9
3198	551.8
3199	554.4
3200	557.8
3201	557.8
3202	560.4
3203	560.4
3204	560.4
3205	555.3
3206	554
3207	553
3208	555.9
3209	554.9
3210	553.1
3211	556.6
3212	552.3
3213	552.1
3214	553
3215	553.2
3216	550.9
3217	551
3218	554.8
3219	551
3220	547.2
3221	547.2
3222	547.1
3223	548.2
3224	554.1
3225	553.2
3226	553.4
3227	550
3228	555.8
3229	554.4
3230	563.3
3231	559.2
3232	554.5
3233	551.7
3234	556.5
3235	563
3236	557.9
3237	558.1
3238	559.9
3239	555.6
3240	556.9
3241	553.5
3242	555.8
3243	547.4
3244	548.4
3245	544.6
3246	539.6
3247	534.6
3248	536.5
3249	536
3250	538.6
3251	538.4
3252	536.6
3253	533.3
3254	535.6
3255	536
3256	532.6
3257	532.9
3258	532
3259	530.5
3260	530.5
3261	538.7
3262	539.4
3263	541.3
3264	536.9
3265	537.1
3266	535.5
3267	534.1
3268	536.2
3269	537.2
3270	541
3271	540.9
3272	540.8
3273	535.5
3274	535.8
3275	536.3
3276	535.5
3277	538.3
3278	538.9
3279	538.5
3280	535.9
3281	534.8
3282	535.5
3283	534.7
3284	535.9
3285	539.7
3286	540.3
3287	538.6
3288	538.6
3289	534.3
3290	534.3
3291	534.575
3292	534.85
3293	535.125
3294	535.4
3295	535.6
3296	535.9
3297	536.4
3298	536.9
3299	536.9
3300	538
3301	538
3302	537.2
3303	540.5
3304	538.9
3305	544.8
3306	532
3307	534.2
3308	555.4
3309	556.4
3310	553.5
3311	553.5
3312	545.7
3313	545.7
3314	548.6
3315	548.6
3316	549.75
3317	550.9
3318	550.7
3319	548.5
3320	555.1
3321	553.5
3322	551.4
3323	561
3324	563.2
3325	564.1
3326	559.5
3327	558.7
3328	568
3329	568.2
3330	568.4
3331	568.4
3332	565.95
3333	563.5
3334	563.5
3335	565.3
3336	567.1
3337	567.1
3338	566.8666667
3339	566.6333333
3340	566.4
3341	566.4
3342	558.9
3343	559.5
3344	561
3345	564.8
3346	563.6
3347	563.4
3348	563.4
3349	559.1
3350	564.2
3351	559.4
3352	561.9
3353	559.1
3354	567.4
3355	558.1
3356	558.7
3357	568.3
3358	559
3359	563.3
3360	561.1
3361	562.5
3362	559.9
3363	560.55
3364	561.2
3365	558.4
3366	555.9
3367	554.7
3368	557.7
3369	553.9
3370	556.5
3371	556.9
3372	559
3373	556.6
3374	551.6
3375	550.15
3376	548.7
3377	548.7
3378	549.9
3379	551.1
3380	552.3
3381	552.3
3382	547.7
3383	547.7
3384	537.9
3385	533
3386	530.8
3387	532
3388	532
3389	532.3
3390	532.3
3391	533.5
3392	531.8
3393	532.8
3394	528.7
3395	527
3396	528.1
3397	528.2
3398	529.15
3399	530.1
3400	530.1
3401	522.6
3402	521.6
3403	524.8
3404	523.7
3405	519.9
3406	530.4
3407	534.6
3408	532.2
3409	530.7
3410	528.9
3411	531.65
3412	534.4
3413	531.2
3414	529.6
3415	530.6
3416	531.94
3417	533.28
3418	534.62
3419	535.96
3420	537.3
3421	537.3
3422	537.225
3423	537.15
3424	537.075
3425	537
3426	537
3427	538.2
3428	539.4
3429	540.6
3430	541.8
3431	541.8
3432	540.6166667
3433	539.4333333
3434	538.25
3435	537.0666667
3436	535.8833333
3437	534.7
3438	534.7
3439	535.0666667
3440	535.4333333
3441	535.8
3442	536.1666667
3443	536.5333333
3444	536.9
3445	536.9
3446	536.0333333
3447	535.1666667
3448	534.3
3449	533.3
3450	531.9
3451	527.4
3452	529.9
3453	529.5
3454	520.4
3455	516.3
3456	513.1
3457	514.8333333
3458	516.5666667
3459	518.3
3460	517.7
3461	516.9
3462	517.25
3463	517.6
3464	517.6
3465	530.2
3466	529
3467	525.7
3468	522.2
3469	519.3
3470	519.5
3471	523.9
3472	520.9
3473	514.2
3474	515.4
3475	520.7
3476	518.4
3477	509.5
3478	517.6
3479	535.1
3480	518
3481	529.1
3482	529.1
3483	526.2
3484	523.6
3485	520
3486	514.9
3487	518.2
3488	512.3
3489	512.3
3490	511.55
3491	510.8
3492	508.8
3493	512
3494	509.6
3495	505.4
3496	524.6
3497	524.1
3498	517.1
3499	518.3
3500	524.4
3501	516
3502	516
3503	513.45
3504	510.9
3505	512
3506	509.2
3507	509.2
3508	506.75
3509	504.3
3510	504.3
3511	504.2
3512	504.1
3513	497
3514	499
3515	505.2
3516	540.6
3517	500.9
3518	500.9
3519	503.2
3520	498.3
3521	493.5
3522	515.3
3523	508.6
3524	506.5
3525	506.5
3526	508.9
3527	500.6
3528	500.6
3529	499.3
3530	511.4
3531	520.9
3532	509.2
3533	497.5
3534	511.5
3535	497.6
3536	497.8
3537	501.1
3538	509.9
3539	509.9
3540	506.9666667
3541	504.0333333
3542	501.1
3543	501.1
3544	504.2
3545	499
3546	490.3
3547	490
3548	494.1
3549	497.8
3550	501.5
3551	503.7
3552	505.5
3553	511.5
3554	510.2
3555	511.3
3556	511.2
3557	511.1
3558	511.1
3559	508.8
3560	508.6
3561	508.3
3562	506.1
3563	503.9
3564	504.6
3565	501.3
3566	501.3
3567	499.8
3568	499.3
3569	498
3570	496.8
3571	495.6
3572	494.2
3573	490.9
3574	494.7
3575	495.5
3576	496.3
3577	494.9
3578	492.6
3579	492.6
3580	491.7
3581	493.4
3582	495.6
3583	501.7
3584	505.6
3585	500.9
3586	503
3587	504.6
3588	499.7333333
3589	494.8666667
3590	490
3591	490
3592	492.9
3593	495.8
3594	495
3595	496.2
3596	498.1
3597	500
3598	500.9
3599	502.6
3600	499.1
3601	498.2
3602	500.2
3603	502.6
3604	502.4
3605	502.6
3606	502.1
3607	492.4
3608	492.4
3609	497.4
3610	501.9
3611	506.4
3612	500.7
3613	502.7
3614	501.8
3615	503.3
3616	503.3
3617	503.52
3618	503.74
3619	503.96
3620	504.18
3621	504.4
3622	507.1
3623	501.8
3624	508.1
3625	505.5
3626	502.8
3627	500.7
3628	503.5
3629	501.5
3630	505.5
3631	505.2
3632	504.7
3633	491.1
3634	491.3
3635	491.7
3636	492.7
3637	497.7
3638	502.9
3639	504.3
3640	505.3
3641	504.1
3642	507
3643	508.6
3644	505.1
3645	501.4
3646	499.1
3647	500.1
3648	505.3
3649	508.9
3650	503.7
3651	515
3652	509.2
3653	509.2
3654	508.7
3655	502.6
3656	502.6
3657	502.6
3658	500.95
3659	499.3
3660	497.65
3661	496
3662	496
3663	495.2
3664	494.4
3665	495.6
3666	495.8
3667	494.6
3668	494.3
3669	494.3
3670	492.1
3671	492.7
3672	495.7
3673	494.9
3674	494.9
3675	494.8
3676	494.3
3677	494.4
3678	494.3
3679	492
3680	498.4
3681	498.5
3682	497.35
3683	496.2
3684	495.8
3685	491.9
3686	498.3
3687	496.5
3688	496.3
3689	494.8
3690	492.9
3691	492.8
3692	496.1
3693	494.55
3694	493
3695	496.2
3696	500.5
3697	500.3
3698	496.4
3699	496.9
3700	495.5
3701	496.9
3702	497
3703	498.65
3704	500.3
3705	498.8
3706	492.8
3707	497.2
3708	492.7
3709	490.5
3710	490.1
3711	492.05
3712	494
3713	494
3714	494
3715	494
3716	494
3717	494
3718	494.5
3719	494.5
3720	493.2
3721	496.5
3722	499.9
3723	498.15
3724	496.4
3725	496.9
3726	498.6
3727	500.8
3728	498.9
3729	498.2
3730	502.6
3731	502.2
3732	504.7
3733	502.9
3734	503
3735	501.6
3736	501.2
3737	501.1
3738	498.8
3739	500.7
3740	502
3741	502
3742	497.6
3743	497.6
3744	498
3745	498.4
3746	498.4
3747	499.3
3748	499.3
3749	501.1
3750	501.1
3751	499.5
3752	499.5
3753	497.1
3754	497.6
3755	497.3
3756	496
3757	495.8
3758	498.8
3759	504.7
3760	503.2
3761	505.8
3762	503.5333333
3763	501.2666667
3764	499
3765	499.3
3766	497.9
3767	499.5
3768	492.9
3769	494.5
3770	496.3
3771	500
3772	492.7
3773	499
3774	490.8
3775	490.4
3776	490.6
3777	492.1
3778	491.4
3779	493.2
3780	494.1
3781	493.4
3782	495.3
3783	490.3
3784	494.3
3785	496.6
3786	503.7
3787	502.7
3788	501.9
3789	506.2
3790	506.2
3791	510.5
3792	510.3
3793	509.4
3794	506.45
3795	503.5
3796	503.5
3797	506.9
3798	507.1
3799	507.3
3800	504.9
3801	500.8
3802	500.8
3803	501.2
3804	503.5
3805	506.4
3806	506.8
3807	509.4
3808	511.8
3809	511.7
3810	513.8
3811	512.9
3812	509.1
3813	510.5
3814	511
3815	507.8
3816	504.2
3817	503.5
3818	501.5
3819	500.2
3820	500.6
3821	502
3822	503.4
3823	504.8
3824	509.2
3825	509.6
3826	509
3827	508.4
3828	508.4
3829	505.6
3830	505.6
3831	503.5
3832	503.5
3833	509.25
3834	515
3835	516
3836	516.2
3837	513.5
3838	515.6
3839	518.2
3840	494.6
3841	486.6
3842	491.8
3843	491.9
3844	492.55
3845	493.2
3846	491.2
3847	489
3848	493.8
3849	500.9
3850	498.4
3851	482
3852	484.06
3853	486.12
3854	488.18
3855	490.24
3856	492.3
3857	490.2
3858	487.1
3859	490.1
3860	488.4
3861	492
3862	487.3
3863	486.9
3864	484.8
3865	483.5
3866	482.9
3867	480
3868	481.2
3869	483.2
3870	477.8
3871	479.8
3872	486.3
3873	493.1
3874	480.3
3875	483.6
3876	489.9
3877	480.4
3878	488.4
3879	494.3
3880	495.8
3881	495.8
3882	495.8
3883	491.4
3884	492.4
3885	492.5
3886	489.5
3887	484.3
3888	489.4
3889	488
3890	491.5
3891	491.6
3892	489.7666667
3893	487.9333333
3894	486.1
3895	486.3
3896	491.9
3897	491.9
3898	492.9
3899	485.6
3900	487.9
3901	487.7
3902	484.7
3903	486.5
3904	486.5
3905	484.05
3906	481.6
3907	482.5
3908	485.4
3909	483.15
3910	480.9
3911	487.4
3912	488.8
3913	490
3914	484.1
3915	491.8
3916	491.6
3917	489.95
3918	488.3
3919	488.5
3920	490.9
3921	492
3922	489.5
3923	489.5
3924	487.1
3925	484.7
3926	484.7
3927	489.6
3928	489.6
3929	487.5
3930	487.5
3931	483.4
3932	483.2
3933	482.9
3934	483.6
3935	483.3
3936	483.4
3937	481.6
3938	479.8
3939	480.1
3940	480.6
3941	478.3
3942	478.3
3943	477.4
3944	478.1
3945	477.9
3946	477.9
3947	478.2
3948	478.1
3949	476.9
3950	475.95
3951	475
3952	475.2
3953	476.4
3954	473.6
3955	473.9
3956	471.3
3957	471.7
3958	474.2
3959	475.2
3960	469.6
3961	466.5
3962	466
3963	472.3
3964	476.4
3965	476.381761
3966	476.363522
3967	476.345283
3968	476.327044
3969	476.308805
3970	476.290566
3971	476.272327
3972	476.2540881
3973	476.2358491
3974	476.2176101
3975	476.1993711
3976	476.1811321
3977	476.1628931
3978	476.1446541
3979	476.1264151
3980	476.1081761
3981	476.0899371
3982	476.0716981
3983	476.0534591
3984	476.0352201
3985	476.0169811
3986	475.9987421
3987	475.9805031
3988	475.9622642
3989	475.9440252
3990	475.9257862
3991	475.9075472
3992	475.8893082
3993	475.8710692
3994	475.8528302
3995	475.8345912
3996	475.8163522
3997	475.7981132
3998	475.7798742
3999	475.7616352
4000	475.7433962
4001	475.7251572
4002	475.7069182
4003	475.6886792
4004	475.6704403
4005	475.6522013
4006	475.6339623
4007	475.6157233
4008	475.5974843
4009	475.5792453
4010	475.5610063
4011	475.5427673
4012	475.5245283
4013	475.5062893
4014	475.4880503
4015	475.4698113
4016	475.4515723
4017	475.4333333
4018	475.4150943
4019	475.3968553
4020	475.3786164
4021	475.3603774
4022	475.3421384
4023	475.3238994
4024	475.3056604
4025	475.2874214
4026	475.2691824
4027	475.2509434
4028	475.2327044
4029	475.2144654
4030	475.1962264
4031	475.1779874
4032	475.1597484
4033	475.1415094
4034	475.1232704
4035	475.1050314
4036	475.0867925
4037	475.0685535
4038	475.0503145
4039	475.0320755
4040	475.0138365
4041	474.9955975
4042	474.9773585
4043	474.9591195
4044	474.9408805
4045	474.9226415
4046	474.9044025
4047	474.8861635
4048	474.8679245
4049	474.8496855
4050	474.8314465
4051	474.8132075
4052	474.7949686
4053	474.7767296
4054	474.7584906
4055	474.7402516
4056	474.7220126
4057	474.7037736
4058	474.6855346
4059	474.6672956
4060	474.6490566
4061	474.6308176
4062	474.6125786
4063	474.5943396
4064	474.5761006
4065	474.5578616
4066	474.5396226
4067	474.5213836
4068	474.5031447
4069	474.4849057
4070	474.4666667
4071	474.4484277
4072	474.4301887
4073	474.4119497
4074	474.3937107
4075	474.3754717
4076	474.3572327
4077	474.3389937
4078	474.3207547
4079	474.3025157
4080	474.2842767
4081	474.2660377
4082	474.2477987
4083	474.2295597
4084	474.2113208
4085	474.1930818
4086	474.1748428
4087	474.1566038
4088	474.1383648
4089	474.1201258
4090	474.1018868
4091	474.0836478
4092	474.0654088
4093	474.0471698
4094	474.0289308
4095	474.0106918
4096	473.9924528
4097	473.9742138
4098	473.9559748
4099	473.9377358
4100	473.9194969
4101	473.9012579
4102	473.8830189
4103	473.8647799
4104	473.8465409
4105	473.8283019
4106	473.8100629
4107	473.7918239
4108	473.7735849
4109	473.7553459
4110	473.7371069
4111	473.7188679
4112	473.7006289
4113	473.6823899
4114	473.6641509
4115	473.6459119
4116	473.627673
4117	473.609434
4118	473.591195
4119	473.572956
4120	473.554717
4121	473.536478
4122	473.518239
4123	473.5
4124	475.2
4125	477.1
4126	475.4
4127	482
4128	486.2
4129	481.2
4130	481.7
4131	477.5
4132	479.5
4133	477.6
4134	477.6
4135	479.9
4136	479.9
4137	472.8
4138	465.7
4139	465.6
4140	469.7
4141	470.3
4142	474.5
4143	477.8
4144	478.7
4145	478.7
4146	475.55
4147	472.4
4148	472.5
4149	484
4150	472.4
4151	472.3
4152	473.6
4153	473.6
4154	473.6
4155	473.5
4156	472.3
4157	471.6
4158	471.6
4159	474.3
4160	474.4
4161	474.9
4162	475.8
4163	475.8
4164	474.525
4165	473.25
4166	471.975
4167	470.7
4168	470.7
4169	470.7
4170	469.9
4171	467.8
4172	468.9
4173	467.5
4174	465.7
4175	465.6
4176	464
4177	462.7
4178	463.9
4179	471.3
4180	472.2
4181	477.2
4182	475.2
4183	477.5
4184	478.8
4185	477.3
4186	476.4
4187	477.2
4188	480.2
4189	484
4190	483.85
4191	483.7
4192	487
4193	500.7
4194	490.8
4195	494
4196	491.9
4197	494.5
4198	493
4199	493.3
4200	497.6
4201	498.2
4202	488.3
4203	488.3
4204	484.2
4205	488.9
4206	488
4207	490.2
4208	489.5
4209	489.5
4210	482.8
4211	484.9
4212	484.4
4213	489.4
4214	488.5
4215	487.8
4216	487.8
4217	491
4218	494.2
4219	499.1
4220	499.1
4221	497.5
4222	493.9
4223	491.2
4224	491.2
4225	489.4
4226	491.1
4227	493
4228	490.9
4229	488.8
4230	490.9
4231	491.3
4232	492.5
4233	487
4234	488.5
4235	492.7
4236	487.6
4237	487.3
4238	485.9
4239	486.1
4240	487.2
4241	484.15
4242	481.1
4243	479.8
4244	480.9
4245	480.7
4246	482.6
4247	484.5
4248	484.6
4249	482.7
4250	483.3
4251	484.8
4252	484.5
4253	479.4
4254	481.4
4255	480.1
4256	481.5
4257	485.9
4258	485.3
4259	485.3
4260	483.3
4261	483.3
4262	483.5
4263	479.55
4264	475.6
4265	475.6
4266	474.9
4267	474.2
4268	473.5
4269	470.3
4270	469.6
4271	473.2
4272	479.3
4273	479.25
4274	479.2
4275	480.9
4276	478.65
4277	476.4
4278	476.7
4279	475.7
4280	474.7
4281	474.7
4282	477.9
4283	476.4
4284	474.9
4285	476.05
4286	477.2
4287	478.1
4288	475.6
4289	478.2
4290	480.6
4291	483
4292	482
4293	481.1
4294	480.6
4295	480.6
4296	480.4
4297	480.4
4298	478.8333333
4299	477.2666667
4300	475.7
4301	478
4302	483.1
4303	485.6
4304	482.3
4305	487.7
4306	492.5
4307	485.4
4308	485.6
4309	475.3
4310	475
4311	478.1
4312	474.4
4313	480.2
4314	477.8
4315	480.3
4316	480.6
4317	480.6
4318	479.7
4319	486.6
4320	485.9
